WARNING: TIME INFORMATION IS LOCALTIME  ;;;;;;;;;;;;;;;;;;;;;;;;;;;;;;;;;;;;;;;;;;;;;;;
;R2S-UMB ID1 precipitation diff. [mm] Act;R2S-UMB ID1 precipitation absol. [mm] Act;R2S-UMB ID1 precipitation type [] Act;R2S-UMB ID1 sum of drizzle-drops [events] Act;R2S-UMB ID1 sum of rain-drops [events] Act;R2S-UMB ID1 sum of hail [events] Act;R2S-UMB ID1 drizzle flag [] Act;R2S-UMB ID1 rain flag [] Act;R2S-UMB ID1 snow flag [] Act;R2S-UMB ID1 ambient temperature [°C] Act;R2S-UMB ID1 precipitat.intensity [in/h] Act;R2S-UMB ID1 sum of hail [] Act;R2S-UMB ID1 sum of rain-drops [] Act
2016-07-14 09:59:00;0.0000;205.5600;    0;    0;    0;    0;    0;    0;    0;19.5700;0.0000;    0;    9
2016-07-14 10:00:00;0.0000;205.5600;    0;    0;    0;    0;    0;    0;    0;19.4800;0.0000;    0;    8
2016-07-14 10:01:00;0.0000;205.5600;    0;    0;    0;    0;    0;    0;    0;19.5700;0.0000;    0;    7
2016-07-14 10:02:00;0.0000;205.5600;    0;    0;    0;    0;    0;    0;    0;19.4800;0.0000;    0;    8
2016-07-14 10:03:00;0.0000;205.5600;    0;    0;    0;    0;    0;    0;    0;19.5700;0.0000;    0;    7
2016-07-14 10:04:00;0.0000;205.5600;    0;    0;    0;    0;    0;    0;    0;19.4800;0.0000;    0;    8
2016-07-14 10:05:00;0.0000;205.5600;    0;    0;    0;    0;    0;    0;    0;19.4800;0.0000;    0;   10
2016-07-14 10:06:00;0.0000;205.5600;    0;    0;    0;    0;    0;    0;    0;19.2300;0.0000;    0;   11
2016-07-14 10:07:00;0.0000;205.5600;    0;    0;    0;    0;    0;    0;    0;19.1400;0.0000;    0;   11
2016-07-14 10:08:00;0.0000;205.5600;    0;    0;    0;    0;    0;    0;    0;19.5700;0.0000;    0;   11
2016-07-14 10:09:00;0.0000;205.5600;    0;    0;    0;    0;    0;    0;    0;19.6500;0.0000;    0;   10
2016-07-14 10:10:00;0.0000;205.5600;    0;    0;    0;    0;    0;    0;    0;19.4000;0.0000;    0;   10
2016-07-14 10:11:00;0.0000;205.5600;    0;    0;    0;    0;    0;    0;    0;19.6500;0.0000;    0;    9
2016-07-14 10:12:00;0.0000;205.5600;    0;    0;    0;    0;    0;    0;    0;19.6500;0.0000;    0;    8
2016-07-14 10:13:00;0.0000;205.5600;    0;    0;    0;    0;    0;    0;    0;19.7400;0.0000;    0;    7
2016-07-14 10:14:00;0.0000;205.5600;    0;    0;    0;    0;    0;    0;    0;20.0700;0.0000;    0;    6
2016-07-14 10:15:00;0.0000;205.5600;    0;    0;    0;    0;    0;    0;    0;20.2500;0.0000;    0;    5
2016-07-14 10:16:00;0.0000;205.5600;    0;    0;    0;    0;    0;    0;    0;20.2500;0.0000;    0;    4
2016-07-14 10:17:00;0.0000;205.5600;    0;    0;    0;    0;    0;    0;    0;20.0700;0.0000;    0;    4
2016-07-14 10:18:00;0.0000;205.5600;    0;    0;    0;    0;    0;    0;    0;20.0700;0.0000;    0;    3
2016-07-14 10:19:00;0.0000;205.5600;    0;    0;    0;    0;    0;    0;    0;19.9900;0.0000;    0;    2
2016-07-14 10:20:00;0.0000;205.5600;    0;    0;    0;    0;    0;    0;    0;19.8200;0.0000;    0;    1
2016-07-14 10:21:00;0.0000;205.5600;    0;    0;    0;    0;    0;    0;    0;20.0700;0.0000;    0;    0
2016-07-14 10:22:00;0.0000;205.5600;    0;    0;    0;    0;    0;    0;    0;19.9900;0.0000;    0;    1
2016-07-14 10:23:00;0.0000;205.5600;    0;    0;    0;    0;    0;    0;    0;20.0700;0.0000;    0;    0
2016-07-14 10:24:00;0.0000;205.5600;    0;    0;    0;    0;    0;    0;    0;20.0700;0.0000;    0;    0
2016-07-14 10:25:00;0.0000;205.5600;    0;    0;    0;    0;    0;    0;    0;20.4200;0.0000;    0;    0
2016-07-14 10:26:00;0.0000;205.5600;    0;    0;    0;    0;    0;    0;    0;20.4200;0.0000;    0;    0
2016-07-14 10:27:00;0.0000;205.5600;    0;    0;    0;    0;    0;    0;    0;20.4200;0.0000;    0;    0
2016-07-14 10:28:00;0.0000;205.5600;    0;    0;    0;    0;    0;    0;    0;20.4200;0.0000;    0;    0
2016-07-14 10:29:00;0.0000;205.5600;    0;    0;    0;    0;    0;    0;    0;20.5900;0.0000;    0;    0
2016-07-14 10:30:00;0.0000;205.5600;    0;    0;    0;    0;    0;    0;    0;20.5900;0.0000;    0;    0
2016-07-14 10:31:00;0.0000;205.5600;    0;    0;    0;    0;    0;    0;    0;20.7600;0.0000;    0;    0
2016-07-14 10:32:00;0.0000;205.5600;    0;    0;    0;    0;    0;    0;    0;20.8500;0.0000;    0;    0
2016-07-14 10:33:00;0.0000;205.5600;    0;    0;    0;    0;    0;    0;    0;20.8500;0.0000;    0;    0
2016-07-14 10:34:00;0.0000;205.5600;    0;    0;    0;    0;    0;    0;    0;20.5900;0.0000;    0;    0
2016-07-14 10:35:00;0.0000;205.5600;    0;    0;    0;    0;    0;    0;    0;20.7600;0.0000;    0;    0
2016-07-14 10:36:00;0.0000;205.5600;    0;    0;    0;    0;    0;    0;    0;21.3700;0.0000;    0;    0
2016-07-14 10:37:00;0.0000;205.5600;    0;    0;    0;    0;    0;    0;    0;21.3700;0.0000;    0;    2
2016-07-14 10:38:00;0.0000;205.5600;    0;    0;    0;    0;    0;    0;    0;20.7600;0.0000;    0;    1
2016-07-14 10:39:00;0.0000;205.5600;    0;    0;    0;    0;    0;    0;    0;20.2500;0.0000;    0;    1
2016-07-14 10:40:00;0.0000;205.5600;    0;    0;    0;    0;    0;    0;    0;20.4200;0.0000;    0;    0
2016-07-14 10:41:00;0.0000;205.5600;    0;    0;    0;    0;    0;    0;    0;20.5100;0.0000;    0;    0
2016-07-14 10:42:00;0.0000;205.5600;    0;    0;    0;    0;    0;    0;    0;20.6800;0.0000;    0;    0
2016-07-14 10:43:00;0.0000;205.5600;    0;    0;    0;    0;    0;    0;    0;20.8500;0.0000;    0;    0
2016-07-14 10:44:00;0.0000;205.5600;    0;    0;    0;    0;    0;    0;    0;20.6800;0.0000;    0;    0
2016-07-14 10:45:00;0.0000;205.5600;    0;    0;    0;    0;    0;    0;    0;21.2900;0.0000;    0;    0
2016-07-14 10:46:00;0.0000;205.5600;    0;    0;    0;    0;    0;    0;    0;20.5900;0.0000;    0;    0
2016-07-14 10:47:00;0.0000;205.5600;    0;    0;    0;    0;    0;    0;    0;20.1600;0.0000;    0;    0
2016-07-14 10:48:00;0.0000;205.5600;    0;    0;    0;    0;    0;    0;    0;20.4200;0.0000;    0;    0
2016-07-14 10:49:00;0.0000;205.5600;    0;    0;    0;    0;    0;    0;    0;20.4200;0.0000;    0;    0
2016-07-14 10:50:00;0.0000;205.5600;    0;    0;    0;    0;    0;    0;    0;20.3300;0.0000;    0;    0
2016-07-14 10:51:00;0.0000;205.5600;    0;    0;    0;    0;    0;    0;    0;20.4200;0.0000;    0;    0
2016-07-14 10:52:00;0.0000;205.5600;    0;    0;    0;    0;    0;    0;    0;20.8500;0.0000;    0;    0
2016-07-14 10:53:00;0.0000;205.5600;    0;    0;    0;    0;    0;    0;    0;21.0200;0.0000;    0;    0
2016-07-14 10:54:00;0.0000;205.5600;    0;    0;    0;    0;    0;    0;    0;20.9300;0.0000;    0;    0
2016-07-14 10:55:00;0.0000;205.5600;    0;    0;    0;    0;    0;    0;    0;20.9300;0.0000;    0;    0
2016-07-14 10:56:00;0.0000;205.5600;    0;    0;    0;    0;    0;    0;    0;20.9300;0.0000;    0;    0
2016-07-14 10:57:00;0.0000;205.5600;    0;    0;    0;    0;    0;    0;    0;20.5900;0.0000;    0;    0
2016-07-14 10:58:00;0.0000;205.5600;    0;    0;    0;    0;    0;    0;    0;20.8500;0.0000;    0;    0
2016-07-14 10:59:00;0.0000;205.5600;    0;    0;    0;    0;    0;    0;    0;21.0200;0.0000;    0;    0
2016-07-14 11:00:00;0.0000;205.5600;    0;    0;    0;    0;    0;    0;    0;21.5500;0.0000;    0;    0
2016-07-14 11:01:00;0.0000;205.5600;    0;    0;    0;    0;    0;    0;    0;21.7200;0.0000;    0;    0
2016-07-14 11:02:00;0.0000;205.5600;    0;    0;    0;    0;    0;    0;    0;21.5500;0.0000;    0;    0
2016-07-14 11:03:00;0.0000;205.5600;    0;    0;    0;    0;    0;    0;    0;21.5500;0.0000;    0;    0
2016-07-14 11:04:00;0.0000;205.5600;    0;    0;    0;    0;    0;    0;    0;21.3700;0.0000;    0;    0
2016-07-14 11:05:00;0.0000;205.5600;    0;    0;    0;    0;    0;    0;    0;21.2900;0.0000;    0;    0
2016-07-14 11:06:00;0.0000;205.5600;    0;    0;    0;    0;    0;    0;    0;21.4600;0.0000;    0;    0
2016-07-14 11:07:00;0.0000;205.5600;    0;    0;    0;    0;    0;    0;    0;20.6800;0.0000;    0;    0
2016-07-14 11:08:00;0.0000;205.5600;    0;    0;    0;    0;    0;    0;    0;20.3300;0.0000;    0;    0
2016-07-14 11:09:00;0.0000;205.5600;    0;    0;    0;    0;    0;    0;    0;20.6800;0.0000;    0;    0
2016-07-14 11:10:00;0.0000;205.5600;    0;    0;    0;    0;    0;    0;    0;21.2000;0.0000;    0;    0
2016-07-14 11:11:00;0.0000;205.5600;    0;    0;    0;    0;    0;    0;    0;20.8500;0.0000;    0;    0
2016-07-14 11:12:00;0.0000;205.5600;    0;    0;    0;    0;    0;    0;    0;20.9300;0.0000;    0;    0
2016-07-14 11:13:00;0.0000;205.5600;    0;    0;    0;    0;    0;    0;    0;21.2900;0.0000;    0;    0
2016-07-14 11:14:00;0.0000;205.5600;    0;    0;    0;    0;    0;    0;    0;21.2900;0.0000;    0;    0
2016-07-14 11:15:00;0.0000;205.5600;    0;    0;    0;    0;    0;    0;    0;21.6400;0.0000;    0;    1
2016-07-14 11:16:00;0.0000;205.5600;    0;    0;    0;    0;    0;    0;    0;21.5500;0.0000;    0;    1
2016-07-14 11:17:00;0.0000;205.5600;    0;    0;    0;    0;    0;    0;    0;21.5500;0.0000;    0;    0
2016-07-14 11:18:00;0.0000;205.5600;    0;    0;    0;    0;    0;    0;    0;21.4600;0.0000;    0;    0
2016-07-14 11:19:00;0.0000;205.5600;    0;    0;    0;    0;    0;    0;    0;21.4600;0.0000;    0;    0
2016-07-14 11:20:00;0.0000;205.5600;    0;    0;    0;    0;    0;    0;    0;21.1100;0.0000;    0;    0
2016-07-14 11:21:00;0.0000;205.5600;    0;    0;    0;    0;    0;    0;    0;21.6400;0.0000;    0;    0
2016-07-14 11:22:00;0.0000;205.5600;    0;    0;    0;    0;    0;    0;    0;21.2000;0.0000;    0;    0
2016-07-14 11:23:00;0.0000;205.5600;    0;    0;    0;    0;    0;    0;    0;20.7600;0.0000;    0;    0
2016-07-14 11:24:00;0.0000;205.5600;    0;    0;    0;    0;    0;    0;    0;20.8500;0.0000;    0;    0
2016-07-14 11:25:00;0.0000;205.5600;    0;    0;    0;    0;    0;    0;    0;21.1100;0.0000;    0;    0
2016-07-14 11:26:00;0.0000;205.5600;    0;    0;    0;    0;    0;    0;    0;20.9300;0.0000;    0;    0
2016-07-14 11:27:00;0.0000;205.5600;    0;    0;    0;    0;    0;    0;    0;21.3700;0.0000;    0;    1
2016-07-14 11:28:00;0.0000;205.5600;    0;    0;    0;    0;    0;    0;    0;21.6400;0.0000;    0;    0
2016-07-14 11:29:00;0.0000;205.5600;    0;    0;    0;    0;    0;    0;    0;21.8100;0.0000;    0;    0
2016-07-14 11:30:00;0.0000;205.5600;    0;    0;    0;    0;    0;    0;    0;22.0700;0.0000;    0;    0
2016-07-14 11:31:00;0.0000;205.5600;    0;    0;    0;    0;    0;    0;    0;21.6400;0.0000;    0;    0
2016-07-14 11:32:00;0.0000;205.5600;    0;    0;    0;    0;    0;    0;    0;21.9000;0.0000;    0;    0
2016-07-14 11:33:00;0.0000;205.5600;    0;    0;    0;    0;    0;    0;    0;22.0700;0.0000;    0;    0
2016-07-14 11:34:00;0.0000;205.5600;    0;    0;    0;    0;    0;    0;    0;22.3400;0.0000;    0;    0
2016-07-14 11:35:00;0.0000;205.5600;    0;    0;    0;    0;    0;    0;    0;21.8100;0.0000;    0;    2
2016-07-14 11:36:00;0.0000;205.5600;    0;    0;    0;    0;    0;    0;    0;21.9000;0.0000;    0;    1
2016-07-14 11:37:00;0.0000;205.5600;    0;    0;    0;    0;    0;    0;    0;22.3400;0.0000;    0;    0
2016-07-14 11:38:00;0.0000;205.5600;    0;    0;    0;    0;    0;    0;    0;22.7000;0.0000;    0;    0
2016-07-14 11:39:00;0.0000;205.5600;    0;    0;    0;    0;    0;    0;    0;22.7900;0.0000;    0;    0
2016-07-14 11:40:00;0.0000;205.5600;    0;    0;    0;    0;    0;    0;    0;22.7900;0.0000;    0;    0
2016-07-14 11:41:00;0.0000;205.5600;    0;    0;    0;    0;    0;    0;    0;22.1600;0.0000;    0;    0
2016-07-14 11:42:00;0.0000;205.5600;    0;    0;    0;    0;    0;    0;    0;22.5200;0.0000;    0;    0
2016-07-14 11:43:00;0.0000;205.5600;    0;    0;    0;    0;    0;    0;    0;22.7000;0.0000;    0;    0
2016-07-14 11:44:00;0.0000;205.5600;    0;    0;    0;    0;    0;    0;    0;22.2500;0.0000;    0;    0
2016-07-14 11:45:00;0.0000;205.5600;    0;    0;    0;    0;    0;    0;    0;22.1600;0.0000;    0;    0
2016-07-14 11:46:00;0.0000;205.5600;    0;    0;    0;    0;    0;    0;    0;22.3400;0.0000;    0;    0
2016-07-14 11:47:00;0.0000;205.5600;    0;    0;    0;    0;    0;    0;    0;22.2500;0.0000;    0;    0
2016-07-14 11:48:00;0.0000;205.5600;    0;    0;    0;    0;    0;    0;    0;22.1600;0.0000;    0;    0
2016-07-14 11:49:00;0.0000;205.5600;    0;    0;    0;    0;    0;    0;    0;21.9000;0.0000;    0;    0
2016-07-14 11:50:00;0.0000;205.5600;    0;    0;    0;    0;    0;    0;    0;22.1600;0.0000;    0;    0
2016-07-14 11:51:00;0.0000;205.5600;    0;    0;    0;    0;    0;    0;    0;22.2500;0.0000;    0;    1
2016-07-14 11:52:00;0.0000;205.5600;    0;    0;    0;    0;    0;    0;    0;21.9800;0.0000;    0;    0
2016-07-14 11:53:00;0.0000;205.5600;    0;    0;    0;    0;    0;    0;    0;21.6400;0.0000;    0;    0
2016-07-14 11:54:00;0.0000;205.5600;    0;    0;    0;    0;    0;    0;    0;21.8100;0.0000;    0;    0
2016-07-14 11:55:00;0.0000;205.5600;    0;    0;    0;    0;    0;    0;    0;21.9800;0.0000;    0;    0
2016-07-14 11:56:00;0.0000;205.5600;    0;    0;    0;    0;    0;    0;    0;22.0700;0.0000;    0;    0
2016-07-14 11:57:00;0.0000;205.5600;    0;    0;    0;    0;    0;    0;    0;22.5200;0.0000;    0;    0
2016-07-14 11:58:00;0.0000;205.5600;    0;    0;    0;    0;    0;    0;    0;21.9000;0.0000;    0;    0
2016-07-14 11:59:00;0.0000;205.5600;    0;    0;    0;    0;    0;    0;    0;21.9800;0.0000;    0;    0
2016-07-14 12:00:00;0.0000;205.5600;    0;    0;    0;    0;    0;    0;    0;21.8100;0.0000;    0;    0
2016-07-14 12:01:00;0.0000;205.5600;    0;    0;    0;    0;    0;    0;    0;21.7200;0.0000;    0;    0
2016-07-14 12:02:00;0.0000;205.5600;    0;    0;    0;    0;    0;    0;    0;22.0700;0.0000;    0;    0
2016-07-14 12:03:00;0.0000;205.5600;    0;    0;    0;    0;    0;    0;    0;22.1600;0.0000;    0;    0
2016-07-14 12:04:00;0.0000;205.5600;    0;    0;    0;    0;    0;    0;    0;21.8100;0.0000;    0;    0
2016-07-14 12:05:00;0.0000;205.5600;    0;    0;    0;    0;    0;    0;    0;21.9000;0.0000;    0;    0
2016-07-14 12:06:00;0.0000;205.5600;    0;    0;    0;    0;    0;    0;    0;21.9000;0.0000;    0;    0
2016-07-14 12:07:00;0.0000;205.5600;    0;    0;    0;    0;    0;    0;    0;21.9000;0.0000;    0;    0
2016-07-14 12:08:00;0.0000;205.5600;    0;    0;    0;    0;    0;    0;    0;21.8100;0.0000;    0;    0
2016-07-14 12:09:00;0.0000;205.5600;    0;    0;    0;    0;    0;    0;    0;21.8100;0.0000;    0;    0
2016-07-14 12:10:00;0.0000;205.5600;    0;    0;    0;    0;    0;    0;    0;21.9800;0.0000;    0;    0
2016-07-14 12:11:00;0.0000;205.5600;    0;    0;    0;    0;    0;    0;    0;21.9000;0.0000;    0;    0
2016-07-14 12:12:00;0.0000;205.5600;    0;    0;    0;    0;    0;    0;    0;21.9000;0.0000;    0;    1
2016-07-14 12:13:00;0.0000;205.5600;    0;    0;    0;    0;    0;    0;    0;22.0700;0.0000;    0;    0
2016-07-14 12:14:00;0.0000;205.5600;    0;    0;    0;    0;    0;    0;    0;22.2500;0.0000;    0;    0
2016-07-14 12:15:00;0.0000;205.5600;    0;    0;    0;    0;    0;    0;    0;22.2500;0.0000;    0;    0
2016-07-14 12:16:00;0.0000;205.5600;    0;    0;    0;    0;    0;    0;    0;22.1600;0.0000;    0;    0
2016-07-14 12:17:00;0.0000;205.5600;    0;    0;    0;    0;    0;    0;    0;22.2500;0.0000;    0;    0
2016-07-14 12:18:00;0.0000;205.5600;    0;    0;    0;    0;    0;    0;    0;21.9000;0.0000;    0;    0
2016-07-14 12:19:00;0.0000;205.5600;    0;    0;    0;    0;    0;    0;    0;22.0700;0.0000;    0;    0
2016-07-14 12:20:00;0.0000;205.5600;    0;    0;    0;    0;    0;    0;    0;21.9800;0.0000;    0;    1
2016-07-14 12:21:00;0.0000;205.5600;    0;    6;    0;    0;    0;    0;    0;22.5200;0.0000;    0;    7
2016-07-14 12:22:00;0.0000;205.5600;    0;    0;    0;    0;    0;    0;    0;22.1600;0.0000;    0;   12
2016-07-14 12:23:00;0.0000;205.5600;    0;    0;    0;    0;    0;    0;    0;21.8100;0.0000;    0;   15
2016-07-14 12:24:00;0.0000;205.5600;    0;    0;    0;    0;    0;    0;    0;21.9000;0.0000;    0;   15
2016-07-14 12:25:00;0.0000;205.5600;    0;   12;    0;    0;    1;    0;    0;21.5500;0.0000;    0;   26
2016-07-14 12:26:00;0.0000;205.5600;    0;    1;    0;    0;    0;    0;    0;21.9000;0.0000;    0;   32
2016-07-14 12:27:00;0.0000;205.5600;    0;   10;    0;    0;    1;    0;    0;21.7200;0.0000;    0;   35
2016-07-14 12:28:00;0.0000;205.5600;    0;    0;    0;    0;    0;    0;    0;21.2900;0.0000;    0;   35
2016-07-14 12:29:00;0.0000;205.5600;    0;    0;    0;    0;    0;    0;    0;21.8100;0.0000;    0;   35
2016-07-14 12:30:00;0.0000;205.5600;    0;    0;    0;    0;    0;    0;    0;22.2500;0.0000;    0;   34
2016-07-14 12:31:00;0.0000;205.5600;    0;    0;    0;    0;    0;    0;    0;22.3400;0.0000;    0;   33
2016-07-14 12:32:00;0.0000;205.5600;    0;    0;    0;    0;    0;    0;    0;22.4300;0.0000;    0;   32
2016-07-14 12:33:00;0.0000;205.5600;    0;    0;    0;    0;    0;    0;    0;22.4300;0.0000;    0;   31
2016-07-14 12:34:00;0.0000;205.5600;    0;    0;    0;    0;    0;    0;    0;22.8700;0.0000;    0;   30
2016-07-14 12:35:00;0.0000;205.5600;    0;    0;    0;    0;    0;    0;    0;22.7000;0.0000;    0;   29
2016-07-14 12:36:00;0.0000;205.5600;    0;    0;    0;    0;    0;    0;    0;22.8700;0.0000;    0;   28
2016-07-14 12:37:00;0.0000;205.5600;    0;    0;    0;    0;    0;    0;    0;23.4200;0.0000;    0;   27
2016-07-14 12:38:00;0.0000;205.5600;    0;    0;    0;    0;    0;    0;    0;23.6900;0.0000;    0;   26
2016-07-14 12:39:00;0.0000;205.5600;    0;    0;    0;    0;    0;    0;    0;23.2400;0.0000;    0;   25
2016-07-14 12:40:00;0.0000;205.5600;    0;    0;    0;    0;    0;    0;    0;22.6100;0.0000;    0;   25
2016-07-14 12:41:00;0.0000;205.5600;    0;    0;    0;    0;    0;    0;    0;22.7900;0.0000;    0;   24
2016-07-14 12:42:00;0.0000;205.5600;    0;    0;    0;    0;    0;    0;    0;22.7900;0.0000;    0;   23
2016-07-14 12:43:00;0.0000;205.5600;    0;    0;    0;    0;    0;    0;    0;22.6100;0.0000;    0;   22
2016-07-14 12:44:00;0.0000;205.5600;    0;    0;    0;    0;    0;    0;    0;22.3400;0.0000;    0;   21
2016-07-14 12:45:00;0.0000;205.5600;    0;    0;    0;    0;    0;    0;    0;22.7000;0.0000;    0;   20
2016-07-14 12:46:00;0.0000;205.5600;    0;    0;    0;    0;    0;    0;    0;22.7000;0.0000;    0;   20
2016-07-14 12:47:00;0.0000;205.5600;    0;    0;    0;    0;    0;    0;    0;22.7900;0.0000;    0;   19
2016-07-14 12:48:00;0.0000;205.5600;    0;    0;    0;    0;    0;    0;    0;23.1400;0.0000;    0;   18
2016-07-14 12:49:00;0.0000;205.5600;    0;    0;    0;    0;    0;    0;    0;23.0500;0.0000;    0;   17
2016-07-14 12:50:00;0.0000;205.5600;    0;    0;    0;    0;    0;    0;    0;22.8700;0.0000;    0;   16
2016-07-14 12:51:00;0.0000;205.5600;    0;    0;    0;    0;    0;    0;    0;22.7000;0.0000;    0;   15
2016-07-14 12:52:00;0.0000;205.5600;    0;    0;    0;    0;    0;    0;    0;22.7000;0.0000;    0;   14
2016-07-14 12:53:00;0.0000;205.5600;    0;    0;    0;    0;    0;    0;    0;22.4300;0.0000;    0;   13
2016-07-14 12:54:00;0.0000;205.5600;    0;    0;    0;    0;    0;    0;    0;22.3400;0.0000;    0;   12
2016-07-14 12:55:00;0.0000;205.5600;    0;    0;    0;    0;    0;    0;    0;22.5200;0.0000;    0;   11
2016-07-14 12:56:00;0.0000;205.5600;    0;    0;    0;    0;    0;    0;    0;22.8700;0.0000;    0;   10
2016-07-14 12:57:00;0.0000;205.5600;    0;    0;    0;    0;    0;    0;    0;22.6100;0.0000;    0;    9
2016-07-14 12:58:00;0.0000;205.5600;    0;    0;    0;    0;    0;    0;    0;22.7000;0.0000;    0;    9
2016-07-14 12:59:00;0.0000;205.5600;    0;    0;    0;    0;    0;    0;    0;22.5200;0.0000;    0;   10
2016-07-14 13:00:00;0.0000;205.5600;    0;    0;    0;    0;    0;    0;    0;22.7000;0.0000;    0;    9
2016-07-14 13:01:00;0.0000;205.5600;    0;    0;    0;    0;    0;    0;    0;22.7000;0.0000;    0;    8
2016-07-14 13:02:00;0.0000;205.5600;    0;    0;    0;    0;    0;    0;    0;22.6100;0.0000;    0;    7
2016-07-14 13:03:00;0.0000;205.5600;    0;    0;    0;    0;    0;    0;    0;22.6100;0.0000;    0;    6
2016-07-14 13:04:00;0.0000;205.5600;    0;    0;    0;    0;    0;    0;    0;22.3400;0.0000;    0;    5
2016-07-14 13:05:00;0.0000;205.5600;    0;    0;    0;    0;    0;    0;    0;22.4300;0.0000;    0;    4
2016-07-14 13:06:00;0.0000;205.5600;    0;    0;    0;    0;    0;    0;    0;22.7900;0.0000;    0;    3
2016-07-14 13:07:00;0.0000;205.5600;    0;    0;    0;    0;    0;    0;    0;23.0500;0.0000;    0;    2
2016-07-14 13:08:00;0.0000;205.5600;    0;    0;    0;    0;    0;    0;    0;23.4200;0.0000;    0;    1
2016-07-14 13:09:00;0.0000;205.5600;    0;    0;    0;    0;    0;    0;    0;22.9600;0.0000;    0;    1
2016-07-14 13:10:00;0.0000;205.5600;    0;    0;    0;    0;    0;    0;    0;23.3300;0.0000;    0;    1
2016-07-14 13:11:00;0.0000;205.5600;    0;    0;    0;    0;    0;    0;    0;23.3300;0.0000;    0;    0
2016-07-14 13:12:00;0.0000;205.5600;    0;    0;    0;    0;    0;    0;    0;23.4200;0.0000;    0;    1
2016-07-14 13:13:00;0.0000;205.5600;    0;    0;    0;    0;    0;    0;    0;23.2400;0.0000;    0;    1
2016-07-14 13:14:00;0.0000;205.5600;    0;    0;    0;    0;    0;    0;    0;23.4200;0.0000;    0;    0
2016-07-14 13:15:00;0.0000;205.5600;    0;    0;    0;    0;    0;    0;    0;23.9600;0.0000;    0;    0
2016-07-14 13:16:00;0.0000;205.5600;    0;    0;    0;    0;    0;    0;    0;24.0500;0.0000;    0;    2
2016-07-14 13:17:00;0.0000;205.5600;    0;    0;    0;    0;    0;    0;    0;23.6000;0.0000;    0;    1
2016-07-14 13:18:00;0.0000;205.5600;    0;    0;    0;    0;    0;    0;    0;23.1400;0.0000;    0;    0
2016-07-14 13:19:00;0.0000;205.5600;    0;    0;    0;    0;    0;    0;    0;23.5100;0.0000;    0;    1
2016-07-14 13:20:00;0.0000;205.5600;    0;    0;    0;    0;    0;    0;    0;22.9600;0.0000;    0;    0
2016-07-14 13:21:00;0.0000;205.5600;    0;    0;    0;    0;    0;    0;    0;23.1400;0.0000;    0;    0
2016-07-14 13:22:00;0.0000;205.5600;    0;    0;    0;    0;    0;    0;    0;23.4200;0.0000;    0;    0
2016-07-14 13:23:00;0.0000;205.5600;    0;    0;    0;    0;    0;    0;    0;23.6900;0.0000;    0;    0
2016-07-14 13:24:00;0.0000;205.5600;    0;    0;    0;    0;    0;    0;    0;23.4200;0.0000;    0;    0
2016-07-14 13:25:00;0.0000;205.5600;    0;    0;    0;    0;    0;    0;    0;23.7800;0.0000;    0;    0
2016-07-14 13:26:00;0.0000;205.5600;    0;    0;    0;    0;    0;    0;    0;23.4200;0.0000;    0;    0
2016-07-14 13:27:00;0.0000;205.5600;    0;    0;    0;    0;    0;    0;    0;23.5100;0.0000;    0;    0
2016-07-14 13:28:00;0.0000;205.5600;    0;    0;    0;    0;    0;    0;    0;22.9600;0.0000;    0;    0
2016-07-14 13:29:00;0.0000;205.5600;    0;    0;    0;    0;    0;    0;    0;22.4300;0.0000;    0;    0
2016-07-14 13:30:00;0.0000;205.5600;    0;    0;    0;    0;    0;    0;    0;22.8700;0.0000;    0;    0
2016-07-14 13:31:00;0.0000;205.5600;    0;    0;    0;    0;    0;    0;    0;23.2400;0.0000;    0;    0
2016-07-14 13:32:00;0.0000;205.5600;    0;    0;    0;    0;    0;    0;    0;23.1400;0.0000;    0;    0
2016-07-14 13:33:00;0.0000;205.5600;    0;    0;    0;    0;    0;    0;    0;22.9600;0.0000;    0;    0
2016-07-14 13:34:00;0.0000;205.5600;    0;    0;    0;    0;    0;    0;    0;23.1400;0.0000;    0;    1
2016-07-14 13:35:00;0.0000;205.5600;    0;    0;    0;    0;    0;    0;    0;23.5100;0.0000;    0;    1
2016-07-14 13:36:00;0.0000;205.5600;    0;    0;    0;    0;    0;    0;    0;23.2400;0.0000;    0;    0
2016-07-14 13:37:00;0.0000;205.5600;    0;    0;    0;    0;    0;    0;    0;23.0500;0.0000;    0;    0
2016-07-14 13:38:00;0.0000;205.5600;    0;    0;    0;    0;    0;    0;    0;22.4300;0.0000;    0;    0
2016-07-14 13:39:00;0.0000;205.5600;    0;    0;    0;    0;    0;    0;    0;22.7000;0.0000;    0;    1
2016-07-14 13:40:00;0.0000;205.5600;    0;    0;    0;    0;    0;    0;    0;22.8700;0.0000;    0;    5
2016-07-14 13:41:00;0.0000;205.5600;    0;    0;    0;    0;    0;    0;    0;21.9800;0.0000;    0;    4
2016-07-14 13:42:00;0.0000;205.5600;    0;    0;    0;    0;    0;    0;    0;21.7200;0.0000;    0;    5
2016-07-14 13:43:00;0.0000;205.5600;    0;    8;    0;    0;    1;    0;    0;21.4600;0.0000;    0;   12
2016-07-14 13:44:00;0.0000;205.5600;    0;    0;    0;    0;    0;    0;    0;21.0200;0.0000;    0;   14
2016-07-14 13:45:00;0.0000;205.5600;    0;    0;    0;    0;    0;    0;    0;21.1100;0.0000;    0;   18
2016-07-14 13:46:00;0.0000;205.5600;    0;    6;    0;    0;    0;    0;    0;21.1100;0.0000;    0;   23
2016-07-14 13:47:00;0.0000;205.5600;    0;   21;    9;    0;    0;    0;    0;21.0200;0.0000;    0;   55
2016-07-14 13:48:00;0.0200;205.5800;   60;  158;   50;    0;    1;    0;    0;20.9300;0.0236;    0;   94
2016-07-14 13:49:00;0.0300;205.6100;   60;  152;   60;    0;    1;    0;    0;21.0200;0.0709;    0;   31
2016-07-14 13:50:00;0.0600;205.6700;   60;   58;   83;    0;    1;    1;    0;20.5100;0.0472;    0;   15
2016-07-14 13:51:00;0.2400;205.9100;   60;   58;  219;    0;    0;    1;    0;19.9900;0.3307;    0;    3
2016-07-14 13:52:00;1.1900;207.1000;   60;   23;  227;    0;    0;    1;    0;19.4000;1.9606;    0;    0
2016-07-14 13:53:00;0.7100;207.8100;   60;   42;  269;    0;    0;    1;    0;18.8900;1.7953;    0;    8
2016-07-14 13:54:00;1.0300;208.8400;   60;   26;  246;    0;    0;    1;    0;18.4800;1.9370;    0;    0
2016-07-14 13:55:00;0.6100;209.4500;   60;   23;  186;    0;    0;    1;    0;18.2200;2.4803;    0;    1
2016-07-14 13:56:00;0.0600;209.5100;   60;    8;   46;    0;    0;    1;    0;18.1400;0.5433;    0;    7
2016-07-14 13:57:00;0.0500;209.5600;   60;   20;   91;    0;    0;    1;    0;18.3100;0.0236;    0;   14
2016-07-14 13:58:00;0.0900;209.6500;   60;   79;  198;    0;    0;    1;    0;18.3900;0.2126;    0;   32
2016-07-14 13:59:00;0.0500;209.7000;   60;  108;  113;    0;    1;    1;    0;18.4800;0.1417;    0;   21
2016-07-14 14:00:00;0.0100;209.7100;   60;   46;   55;    0;    1;    1;    0;18.6400;0.0709;    0;   51
2016-07-14 14:01:00;0.0100;209.7200;   60;   31;   15;    0;    1;    1;    0;18.6400;0.0236;    0;   44
2016-07-14 14:02:00;0.0100;209.7300;   60;   41;    8;    0;    1;    0;    0;18.8100;0.0000;    0;    8
2016-07-14 14:03:00;0.0300;209.7600;   60;   67;   68;    0;    1;    1;    0;18.7200;0.0472;    0;    5
2016-07-14 14:04:00;0.0700;209.8300;   60;   94;  143;    0;    1;    1;    0;18.8100;0.0945;    0;    3
2016-07-14 14:05:00;0.0400;209.8700;   60;   53;   93;    0;    1;    1;    0;18.6400;0.1181;    0;   25
2016-07-14 14:06:00;0.0600;209.9300;   60;   74;  153;    0;    1;    1;    0;18.6400;0.0945;    0;   31
2016-07-14 14:07:00;0.0500;209.9800;   60;   38;  114;    0;    0;    1;    0;18.6400;0.1181;    0;    3
2016-07-14 14:08:00;0.0400;210.0200;   60;   64;  102;    0;    0;    1;    0;18.8900;0.0709;    0;   14
2016-07-14 14:09:00;0.0800;210.1000;   60;   82;  176;    0;    1;    1;    0;18.6400;0.1417;    0;   21
2016-07-14 14:10:00;0.1900;210.2900;   60;  103;  226;    0;    1;    1;    0;18.3900;0.2835;    0;    7
2016-07-14 14:11:00;0.2300;210.5200;   60;  113;  251;    0;    1;    1;    0;18.3900;0.5197;    0;    1
2016-07-14 14:12:00;0.1400;210.6600;   60;  170;  179;    0;    1;    1;    0;18.2200;0.3780;    0;   18
2016-07-14 14:13:00;0.0800;210.7400;   60;  149;  120;    0;    1;    1;    0;18.1400;0.2835;    0;    2
2016-07-14 14:14:00;0.1100;210.8500;   60;  102;  108;    0;    1;    1;    0;18.2200;0.2598;    0;    6
2016-07-14 14:15:00;0.0200;210.8700;   60;  104;   52;    0;    1;    1;    0;18.3100;0.0709;    0;   27
2016-07-14 14:16:00;0.0400;210.9100;   60;  112;   91;    0;    1;    1;    0;18.3900;0.0709;    0;    5
2016-07-14 14:17:00;0.0300;210.9400;   60;  117;  108;    0;    1;    1;    0;18.4800;0.0945;    0;   56
2016-07-14 14:18:00;0.0300;210.9700;   60;   98;   61;    0;    1;    1;    0;18.4800;0.0945;    0;   19
2016-07-14 14:19:00;0.0100;210.9800;   60;   69;   35;    0;    1;    1;    0;18.5600;0.0472;    0;   50
2016-07-14 14:20:00;0.0100;210.9900;   60;   39;   13;    0;    1;    1;    0;18.6400;0.0236;    0;   42
2016-07-14 14:21:00;0.0000;210.9900;   60;   12;    0;    0;    0;    0;    0;18.5600;0.0000;    0;   52
2016-07-14 14:22:00;0.0000;210.9900;    0;   46;    0;    0;    0;    0;    0;18.6400;0.0000;    0;  106
2016-07-14 14:23:00;0.0100;211.0000;   60;  152;    0;    0;    1;    0;    0;18.8100;0.0236;    0;  117
2016-07-14 14:24:00;0.0100;211.0100;   60;   42;    8;    0;    1;    0;    0;18.7200;0.0236;    0;   37
2016-07-14 14:25:00;0.0000;211.0100;   60;   58;    5;    0;    1;    0;    0;18.8100;0.0000;    0;   99
2016-07-14 14:26:00;0.0100;211.0200;   60;   28;    0;    0;    1;    0;    0;18.7200;0.0000;    0;   19
2016-07-14 14:27:00;0.0000;211.0200;   60;   37;    0;    0;    1;    0;    0;18.8900;0.0236;    0;   54
2016-07-14 14:28:00;0.0000;211.0200;    0;    8;    0;    0;    0;    0;    0;18.8100;0.0000;    0;   61
2016-07-14 14:29:00;0.0000;211.0200;    0;   12;    0;    0;    1;    0;    0;18.8100;0.0000;    0;   73
2016-07-14 14:30:00;0.0000;211.0200;    0;    0;    0;    0;    0;    0;    0;18.4800;0.0000;    0;   76
2016-07-14 14:31:00;0.0000;211.0200;    0;    9;    0;    0;    0;    0;    0;18.4800;0.0000;    0;   85
2016-07-14 14:32:00;0.0000;211.0200;    0;   17;    0;    0;    1;    0;    0;18.5600;0.0000;    0;  105
2016-07-14 14:33:00;0.0000;211.0200;    0;    6;    0;    0;    0;    0;    0;18.5600;0.0000;    0;  106
2016-07-14 14:34:00;0.0000;211.0200;    0;    9;    0;    0;    1;    0;    0;18.5600;0.0000;    0;  117
2016-07-14 14:35:00;0.0000;211.0200;    0;   28;    0;    0;    1;    0;    0;18.6400;0.0000;    0;  144
2016-07-14 14:36:00;0.0100;211.0300;   60;   33;    0;    0;    1;    0;    0;18.6400;0.0236;    0;   28
2016-07-14 14:37:00;0.0000;211.0300;   60;   32;    0;    0;    1;    0;    0;18.7200;0.0000;    0;   59
2016-07-14 14:38:00;0.0000;211.0300;    0;   18;    0;    0;    1;    0;    0;18.8100;0.0000;    0;   75
2016-07-14 14:39:00;0.0100;211.0400;   60;   60;    0;    0;    1;    0;    0;19.2300;0.0000;    0;    7
2016-07-14 14:40:00;0.0000;211.0400;   60;   13;    6;    0;    1;    0;    0;19.0600;0.0236;    0;   20
2016-07-14 14:41:00;0.0000;211.0400;    0;    6;    0;    0;    1;    0;    0;19.1400;0.0000;    0;   25
2016-07-14 14:42:00;0.0000;211.0400;    0;    9;    0;    0;    0;    0;    0;18.9700;0.0000;    0;   33
2016-07-14 14:43:00;0.0000;211.0400;    0;    0;    0;    0;    0;    0;    0;19.0600;0.0000;    0;   32
2016-07-14 14:44:00;0.0000;211.0400;    0;    0;    0;    0;    0;    0;    0;18.9700;0.0000;    0;   31
2016-07-14 14:45:00;0.0000;211.0400;    0;    0;    0;    0;    0;    0;    0;19.0600;0.0000;    0;   30
2016-07-14 14:46:00;0.0000;211.0400;    0;    0;    0;    0;    0;    0;    0;19.1400;0.0000;    0;   32
2016-07-14 14:47:00;0.0000;211.0400;    0;    0;    0;    0;    0;    0;    0;19.4000;0.0000;    0;   31
2016-07-14 14:48:00;0.0000;211.0400;    0;    0;    0;    0;    0;    0;    0;19.4000;0.0000;    0;   30
2016-07-14 14:49:00;0.0000;211.0400;    0;    0;    0;    0;    0;    0;    0;19.3100;0.0000;    0;   29
2016-07-14 14:50:00;0.0000;211.0400;    0;    0;    0;    0;    0;    0;    0;19.6500;0.0000;    0;   28
2016-07-14 14:51:00;0.0000;211.0400;    0;    0;    0;    0;    0;    0;    0;19.7400;0.0000;    0;   27
2016-07-14 14:52:00;0.0000;211.0400;    0;    0;    0;    0;    0;    0;    0;19.9000;0.0000;    0;   26
2016-07-14 14:53:00;0.0000;211.0400;    0;    0;    0;    0;    0;    0;    0;19.7400;0.0000;    0;   25
2016-07-14 14:54:00;0.0000;211.0400;    0;    0;    0;    0;    0;    0;    0;19.6500;0.0000;    0;   26
2016-07-14 14:55:00;0.0000;211.0400;    0;    0;    0;    0;    0;    0;    0;19.7400;0.0000;    0;   25
2016-07-14 14:56:00;0.0000;211.0400;    0;    0;    0;    0;    0;    0;    0;19.8200;0.0000;    0;   24
2016-07-14 14:57:00;0.0000;211.0400;    0;    0;    0;    0;    0;    0;    0;19.7400;0.0000;    0;   23
2016-07-14 14:58:00;0.0000;211.0400;    0;    0;    0;    0;    0;    0;    0;20.0700;0.0000;    0;   23
2016-07-14 14:59:00;0.0000;211.0400;    0;    0;    0;    0;    0;    0;    0;20.1600;0.0000;    0;   22
2016-07-14 15:00:00;0.0000;211.0400;    0;    0;    0;    0;    0;    0;    0;20.1600;0.0000;    0;   21
2016-07-14 15:01:00;0.0000;211.0400;    0;    0;    0;    0;    0;    0;    0;20.1600;0.0000;    0;   22
2016-07-14 15:02:00;0.0000;211.0400;    0;    0;    0;    0;    0;    0;    0;19.9900;0.0000;    0;   26
2016-07-14 15:03:00;0.0000;211.0400;    0;    0;    0;    0;    0;    0;    0;19.9000;0.0000;    0;   26
2016-07-14 15:04:00;0.0000;211.0400;    0;    0;    0;    0;    0;    0;    0;20.0700;0.0000;    0;   27
2016-07-14 15:05:00;0.0000;211.0400;    0;    0;    0;    0;    0;    0;    0;20.1600;0.0000;    0;   30
2016-07-14 15:06:00;0.0000;211.0400;    0;    0;    0;    0;    0;    0;    0;20.3300;0.0000;    0;   30
2016-07-14 15:07:00;0.0000;211.0400;    0;    0;    0;    0;    0;    0;    0;19.9900;0.0000;    0;   29
2016-07-14 15:08:00;0.0000;211.0400;    0;    0;    0;    0;    0;    0;    0;20.0700;0.0000;    0;   28
2016-07-14 15:09:00;0.0000;211.0400;    0;    0;    0;    0;    0;    0;    0;20.3300;0.0000;    0;   27
2016-07-14 15:10:00;0.0000;211.0400;    0;    0;    0;    0;    0;    0;    0;20.2500;0.0000;    0;   29
2016-07-14 15:11:00;0.0000;211.0400;    0;    0;    0;    0;    0;    0;    0;20.5900;0.0000;    0;   28
2016-07-14 15:12:00;0.0000;211.0400;    0;    0;    0;    0;    0;    0;    0;20.5100;0.0000;    0;   27
2016-07-14 15:13:00;0.0000;211.0400;    0;    0;    0;    0;    0;    0;    0;20.5900;0.0000;    0;   26
2016-07-14 15:14:00;0.0000;211.0400;    0;    0;    0;    0;    0;    0;    0;20.7600;0.0000;    0;   25
2016-07-14 15:15:00;0.0000;211.0400;    0;    0;    0;    0;    0;    0;    0;20.6800;0.0000;    0;   24
2016-07-14 15:16:00;0.0000;211.0400;    0;    0;    0;    0;    0;    0;    0;20.2500;0.0000;    0;   23
2016-07-14 15:17:00;0.0000;211.0400;    0;    0;    0;    0;    0;    0;    0;20.7600;0.0000;    0;   24
2016-07-14 15:18:00;0.0000;211.0400;    0;    0;    0;    0;    0;    0;    0;20.9300;0.0000;    0;   25
2016-07-14 15:19:00;0.0000;211.0400;    0;    0;    0;    0;    0;    0;    0;21.0200;0.0000;    0;   24
2016-07-14 15:20:00;0.0000;211.0400;    0;    0;    0;    0;    0;    0;    0;20.9300;0.0000;    0;   25
2016-07-14 15:21:00;0.0000;211.0400;    0;    0;    0;    0;    0;    0;    0;21.1100;0.0000;    0;   24
2016-07-14 15:22:00;0.0000;211.0400;    0;    0;    0;    0;    0;    0;    0;20.9300;0.0000;    0;   23
2016-07-14 15:23:00;0.0000;211.0400;    0;    0;    0;    0;    0;    0;    0;20.9300;0.0000;    0;   22
2016-07-14 15:24:00;0.0000;211.0400;    0;    0;    0;    0;    0;    0;    0;21.0200;0.0000;    0;   21
2016-07-14 15:25:00;0.0000;211.0400;    0;    0;    0;    0;    0;    0;    0;20.8500;0.0000;    0;   21
2016-07-14 15:26:00;0.0000;211.0400;    0;    0;    0;    0;    0;    0;    0;21.0200;0.0000;    0;   24
2016-07-14 15:27:00;0.0000;211.0400;    0;    0;    0;    0;    0;    0;    0;21.0200;0.0000;    0;   23
2016-07-14 15:28:00;0.0000;211.0400;    0;    0;    0;    0;    0;    0;    0;20.9300;0.0000;    0;   22
2016-07-14 15:29:00;0.0000;211.0400;    0;    0;    0;    0;    0;    0;    0;21.0200;0.0000;    0;   21
2016-07-14 15:30:00;0.0000;211.0400;    0;    0;    0;    0;    0;    0;    0;21.1100;0.0000;    0;   21
2016-07-14 15:31:00;0.0000;211.0400;    0;    0;    0;    0;    0;    0;    0;21.3700;0.0000;    0;   20
2016-07-14 15:32:00;0.0000;211.0400;    0;    0;    0;    0;    0;    0;    0;21.5500;0.0000;    0;   19
2016-07-14 15:33:00;0.0000;211.0400;    0;    0;    0;    0;    0;    0;    0;21.4600;0.0000;    0;   19
2016-07-14 15:34:00;0.0000;211.0400;    0;    0;    0;    0;    0;    0;    0;21.2900;0.0000;    0;   18
2016-07-14 15:35:00;0.0000;211.0400;    0;    0;    0;    0;    0;    0;    0;21.3700;0.0000;    0;   18
2016-07-14 15:36:00;0.0000;211.0400;    0;    0;    0;    0;    0;    0;    0;21.6400;0.0000;    0;   17
2016-07-14 15:37:00;0.0000;211.0400;    0;    0;    0;    0;    0;    0;    0;21.8100;0.0000;    0;   16
2016-07-14 15:38:00;0.0000;211.0400;    0;    0;    0;    0;    0;    0;    0;21.8100;0.0000;    0;   15
2016-07-14 15:39:00;0.0000;211.0400;    0;    0;    0;    0;    0;    0;    0;21.9800;0.0000;    0;   14
2016-07-14 15:40:00;0.0000;211.0400;    0;    0;    0;    0;    0;    0;    0;21.9000;0.0000;    0;   13
2016-07-14 15:41:00;0.0000;211.0400;    0;    0;    0;    0;    0;    0;    0;21.7200;0.0000;    0;   12
2016-07-14 15:42:00;0.0000;211.0400;    0;    0;    0;    0;    0;    0;    0;21.5500;0.0000;    0;   11
2016-07-14 15:43:00;0.0000;211.0400;    0;    0;    0;    0;    0;    0;    0;21.7200;0.0000;    0;   10
2016-07-14 15:44:00;0.0000;211.0400;    0;    0;    0;    0;    0;    0;    0;21.3700;0.0000;    0;   10
2016-07-14 15:45:00;0.0000;211.0400;    0;    0;    0;    0;    0;    0;    0;21.2900;0.0000;    0;    9
2016-07-14 15:46:00;0.0000;211.0400;    0;    0;    0;    0;    0;    0;    0;21.2900;0.0000;    0;    8
2016-07-14 15:47:00;0.0000;211.0400;    0;    0;    0;    0;    0;    0;    0;21.1100;0.0000;    0;    7
2016-07-14 15:48:00;0.0000;211.0400;    0;    0;    0;    0;    0;    0;    0;21.1100;0.0000;    0;    6
2016-07-14 15:49:00;0.0000;211.0400;    0;    0;    0;    0;    0;    0;    0;21.1100;0.0000;    0;    5
2016-07-14 15:50:00;0.0000;211.0400;    0;    0;    0;    0;    0;    0;    0;21.2000;0.0000;    0;    6
2016-07-14 15:51:00;0.0000;211.0400;    0;    0;    0;    0;    0;    0;    0;21.3700;0.0000;    0;    9
2016-07-14 15:52:00;0.0000;211.0400;    0;    0;    0;    0;    0;    0;    0;21.4600;0.0000;    0;    8
2016-07-14 15:53:00;0.0000;211.0400;    0;    0;    0;    0;    0;    0;    0;21.4600;0.0000;    0;    7
2016-07-14 15:54:00;0.0000;211.0400;    0;    0;    0;    0;    0;    0;    0;21.4600;0.0000;    0;    6
2016-07-14 15:55:00;0.0000;211.0400;    0;    0;    0;    0;    0;    0;    0;21.4600;0.0000;    0;    5
2016-07-14 15:56:00;0.0000;211.0400;    0;    0;    0;    0;    0;    0;    0;21.5500;0.0000;    0;    4
2016-07-14 15:57:00;0.0000;211.0400;    0;    0;    0;    0;    0;    0;    0;21.4600;0.0000;    0;    3
2016-07-14 15:58:00;0.0000;211.0400;    0;    0;    0;    0;    0;    0;    0;21.4600;0.0000;    0;    2
2016-07-14 15:59:00;0.0000;211.0400;    0;    0;    0;    0;    0;    0;    0;21.5500;0.0000;    0;    1
2016-07-14 16:00:00;0.0000;211.0400;    0;    0;    0;    0;    0;    0;    0;21.2900;0.0000;    0;    0
2016-07-14 16:01:00;0.0000;211.0400;    0;    0;    0;    0;    0;    0;    0;21.0200;0.0000;    0;    1
2016-07-14 16:02:00;0.0000;211.0400;    0;    0;    0;    0;    0;    0;    0;21.2900;0.0000;    0;    1
2016-07-14 16:03:00;0.0000;211.0400;    0;    0;    0;    0;    0;    0;    0;21.3700;0.0000;    0;    0
2016-07-14 16:04:00;0.0000;211.0400;    0;    0;    0;    0;    0;    0;    0;21.8100;0.0000;    0;    0
2016-07-14 16:05:00;0.0000;211.0400;    0;    0;    0;    0;    0;    0;    0;21.7200;0.0000;    0;    0
2016-07-14 16:06:00;0.0000;211.0400;    0;    0;    0;    0;    0;    0;    0;21.6400;0.0000;    0;    1
2016-07-14 16:07:00;0.0000;211.0400;    0;    0;    0;    0;    0;    0;    0;21.9800;0.0000;    0;    0
2016-07-14 16:08:00;0.0000;211.0400;    0;    0;    0;    0;    0;    0;    0;21.7200;0.0000;    0;    0
2016-07-14 16:09:00;0.0000;211.0400;    0;    0;    0;    0;    0;    0;    0;21.6400;0.0000;    0;    0
2016-07-14 16:10:00;0.0000;211.0400;    0;    0;    0;    0;    0;    0;    0;21.7200;0.0000;    0;    0
2016-07-14 16:11:00;0.0000;211.0400;    0;    0;    0;    0;    0;    0;    0;21.6400;0.0000;    0;    0
2016-07-14 16:12:00;0.0000;211.0400;    0;    0;    0;    0;    0;    0;    0;21.6400;0.0000;    0;    0
2016-07-14 16:13:00;0.0000;211.0400;    0;    0;    0;    0;    0;    0;    0;21.4600;0.0000;    0;    0
2016-07-14 16:14:00;0.0000;211.0400;    0;    0;    0;    0;    0;    0;    0;21.4600;0.0000;    0;    0
2016-07-14 16:15:00;0.0000;211.0400;    0;    0;    0;    0;    0;    0;    0;21.4600;0.0000;    0;    0
2016-07-14 16:16:00;0.0000;211.0400;    0;    0;    0;    0;    0;    0;    0;21.5500;0.0000;    0;    0
2016-07-14 16:17:00;0.0000;211.0400;    0;    0;    0;    0;    0;    0;    0;21.7200;0.0000;    0;    0
2016-07-14 16:18:00;0.0000;211.0400;    0;    0;    0;    0;    0;    0;    0;21.7200;0.0000;    0;    0
2016-07-14 16:19:00;0.0000;211.0400;    0;    0;    0;    0;    0;    0;    0;21.6400;0.0000;    0;    0
2016-07-14 16:20:00;0.0000;211.0400;    0;    0;    0;    0;    0;    0;    0;21.5500;0.0000;    0;    0
2016-07-14 16:21:00;0.0000;211.0400;    0;    0;    0;    0;    0;    0;    0;21.4600;0.0000;    0;    0
2016-07-14 16:22:00;0.0000;211.0400;    0;    0;    0;    0;    0;    0;    0;21.5500;0.0000;    0;    0
2016-07-14 16:23:00;0.0000;211.0400;    0;    0;    0;    0;    0;    0;    0;21.3700;0.0000;    0;    0
2016-07-14 16:24:00;0.0000;211.0400;    0;    0;    0;    0;    0;    0;    0;21.6400;0.0000;    0;    0
2016-07-14 16:25:00;0.0000;211.0400;    0;    0;    0;    0;    0;    0;    0;21.7200;0.0000;    0;    0
2016-07-14 16:26:00;0.0000;211.0400;    0;    0;    0;    0;    0;    0;    0;21.7200;0.0000;    0;    0
2016-07-14 16:27:00;0.0000;211.0400;    0;    0;    0;    0;    0;    0;    0;21.7200;0.0000;    0;    0
2016-07-14 16:28:00;0.0000;211.0400;    0;    0;    0;    0;    0;    0;    0;21.6400;0.0000;    0;    1
2016-07-14 16:29:00;0.0000;211.0400;    0;    0;    0;    0;    0;    0;    0;21.7200;0.0000;    0;    3
2016-07-14 16:30:00;0.0000;211.0400;    0;    0;    0;    0;    0;    0;    0;21.4600;0.0000;    0;    3
2016-07-14 16:31:00;0.0000;211.0400;    0;    0;    0;    0;    0;    0;    0;21.5500;0.0000;    0;    2
2016-07-14 16:32:00;0.0000;211.0400;    0;    0;    0;    0;    0;    0;    0;21.3700;0.0000;    0;    1
2016-07-14 16:33:00;0.0000;211.0400;    0;    0;    0;    0;    0;    0;    0;21.2000;0.0000;    0;    0
2016-07-14 16:34:00;0.0000;211.0400;    0;    0;    0;    0;    0;    0;    0;21.2900;0.0000;    0;    0
2016-07-14 16:35:00;0.0000;211.0400;    0;    0;    0;    0;    0;    0;    0;21.6400;0.0000;    0;    0
2016-07-14 16:36:00;0.0000;211.0400;    0;    0;    0;    0;    0;    0;    0;21.6400;0.0000;    0;    0
2016-07-14 16:37:00;0.0000;211.0400;    0;    0;    0;    0;    0;    0;    0;21.5500;0.0000;    0;    0
2016-07-14 16:38:00;0.0000;211.0400;    0;    0;    0;    0;    0;    0;    0;21.4600;0.0000;    0;    0
2016-07-14 16:39:00;0.0000;211.0400;    0;    0;    0;    0;    0;    0;    0;21.4600;0.0000;    0;    0
2016-07-14 16:40:00;0.0000;211.0400;    0;    0;    0;    0;    0;    0;    0;21.3700;0.0000;    0;    2
2016-07-14 16:41:00;0.0000;211.0400;    0;    0;    0;    0;    0;    0;    0;21.3700;0.0000;    0;    1
2016-07-14 16:42:00;0.0000;211.0400;    0;    0;    0;    0;    0;    0;    0;21.2900;0.0000;    0;    0
2016-07-14 16:43:00;0.0000;211.0400;    0;    0;    0;    0;    0;    0;    0;21.2900;0.0000;    0;    0
2016-07-14 16:44:00;0.0000;211.0400;    0;    0;    0;    0;    0;    0;    0;21.1100;0.0000;    0;    0
2016-07-14 16:45:00;0.0000;211.0400;    0;    0;    0;    0;    0;    0;    0;21.2000;0.0000;    0;    0
2016-07-14 16:46:00;0.0000;211.0400;    0;    0;    0;    0;    0;    0;    0;21.0200;0.0000;    0;    1
2016-07-14 16:47:00;0.0000;211.0400;    0;    0;    0;    0;    0;    0;    0;21.1100;0.0000;    0;    0
2016-07-14 16:48:00;0.0000;211.0400;    0;    0;    0;    0;    0;    0;    0;20.9300;0.0000;    0;    0
2016-07-14 16:49:00;0.0000;211.0400;    0;    0;    0;    0;    0;    0;    0;20.6800;0.0000;    0;    0
2016-07-14 16:50:00;0.0000;211.0400;    0;    0;    0;    0;    0;    0;    0;20.3300;0.0000;    0;    0
2016-07-14 16:51:00;0.0000;211.0400;    0;    0;    0;    0;    0;    0;    0;19.9000;0.0000;    0;    0
2016-07-14 16:52:00;0.0000;211.0400;    0;    0;    0;    0;    0;    0;    0;19.6500;0.0000;    0;    0
2016-07-14 16:53:00;0.0000;211.0400;    0;    0;    0;    0;    0;    0;    0;19.6500;0.0000;    0;    0
2016-07-14 16:54:00;0.0000;211.0400;    0;    0;    0;    0;    0;    0;    0;19.4800;0.0000;    0;    0
2016-07-14 16:55:00;0.0000;211.0400;    0;    0;    0;    0;    0;    0;    0;19.4000;0.0000;    0;    0
2016-07-14 16:56:00;0.0000;211.0400;    0;    0;    0;    0;    0;    0;    0;19.4000;0.0000;    0;    0
2016-07-14 16:57:00;0.0000;211.0400;    0;    0;    0;    0;    0;    0;    0;19.2300;0.0000;    0;    0
2016-07-14 16:58:00;0.0000;211.0400;    0;    0;    0;    0;    0;    0;    0;19.0600;0.0000;    0;    0
2016-07-14 16:59:00;0.0000;211.0400;    0;    0;    0;    0;    0;    0;    0;18.9700;0.0000;    0;    0
2016-07-14 17:00:00;0.0000;211.0400;    0;    0;    0;    0;    0;    0;    0;18.8900;0.0000;    0;    0
2016-07-14 17:01:00;0.0000;211.0400;    0;    0;    0;    0;    0;    0;    0;18.7200;0.0000;    0;    0
2016-07-14 17:02:00;0.0000;211.0400;    0;    0;    0;    0;    0;    0;    0;18.7200;0.0000;    0;    0
2016-07-14 17:03:00;0.0000;211.0400;    0;    0;    0;    0;    0;    0;    0;18.7200;0.0000;    0;    0
2016-07-14 17:04:00;0.0000;211.0400;    0;    0;    0;    0;    0;    0;    0;18.6400;0.0000;    0;    0
2016-07-14 17:05:00;0.0000;211.0400;    0;    0;    0;    0;    0;    0;    0;18.4800;0.0000;    0;    0
2016-07-14 17:06:00;0.0000;211.0400;    0;    0;    0;    0;    0;    0;    0;18.3100;0.0000;    0;    0
2016-07-14 17:07:00;0.0000;211.0400;    0;    0;    0;    0;    0;    0;    0;18.2200;0.0000;    0;    0
2016-07-14 17:08:00;0.0000;211.0400;    0;    0;    0;    0;    0;    0;    0;18.2200;0.0000;    0;    3
2016-07-14 17:09:00;0.0000;211.0400;    0;    0;    0;    0;    0;    0;    0;17.9700;0.0000;    0;    2
2016-07-14 17:10:00;0.0000;211.0400;    0;    0;    0;    0;    0;    0;    0;17.8100;0.0000;    0;    6
2016-07-14 17:11:00;0.0000;211.0400;    0;    0;    0;    0;    0;    0;    0;17.6500;0.0000;    0;    5
2016-07-14 17:12:00;0.0000;211.0400;    0;    0;    0;    0;    0;    0;    0;17.7300;0.0000;    0;    4
2016-07-14 17:13:00;0.0000;211.0400;    0;    0;    0;    0;    0;    0;    0;17.6500;0.0000;    0;    5
2016-07-14 17:14:00;0.0000;211.0400;    0;   35;    0;    0;    0;    0;    0;17.5700;0.0000;    0;   54
2016-07-14 17:15:00;0.0100;211.0500;   60;  127;   22;    0;    1;    0;    0;17.6500;0.0000;    0;   70
2016-07-14 17:16:00;0.0000;211.0500;   60;   34;    5;    0;    1;    0;    0;17.5700;0.0236;    0;  103
2016-07-14 17:17:00;0.0100;211.0600;   60;   19;    0;    0;    1;    0;    0;17.6500;0.0000;    0;    3
2016-07-14 17:18:00;0.0000;211.0600;   60;   16;    0;    0;    1;    0;    0;17.5700;0.0236;    0;   17
2016-07-14 17:19:00;0.0000;211.0600;    0;    2;    0;    0;    0;    0;    0;17.4800;0.0000;    0;   19
2016-07-14 17:20:00;0.0000;211.0600;    0;    0;    0;    0;    0;    0;    0;17.4000;0.0000;    0;   18
2016-07-14 17:21:00;0.0000;211.0600;    0;    0;    0;    0;    0;    0;    0;17.3200;0.0000;    0;   17
2016-07-14 17:22:00;0.0000;211.0600;    0;    0;    0;    0;    0;    0;    0;17.3200;0.0000;    0;   16
2016-07-14 17:23:00;0.0000;211.0600;    0;    0;    0;    0;    0;    0;    0;17.3200;0.0000;    0;   15
2016-07-14 17:24:00;0.0000;211.0600;    0;    0;    0;    0;    0;    0;    0;17.3200;0.0000;    0;   16
2016-07-14 17:25:00;0.0000;211.0600;    0;   16;    0;    0;    1;    0;    0;17.3200;0.0000;    0;   29
2016-07-14 17:26:00;0.0000;211.0600;    0;   21;    0;    0;    1;    0;    0;17.3200;0.0000;    0;   49
2016-07-14 17:27:00;0.0000;211.0600;    0;   11;    0;    0;    0;    0;    0;17.4000;0.0000;    0;   62
2016-07-14 17:28:00;0.0100;211.0700;   60;  178;   28;    0;    1;    0;    0;17.4000;0.0236;    0;  115
2016-07-14 17:29:00;0.0100;211.0800;   60;   57;   14;    0;    1;    0;    0;17.3200;0.0236;    0;   67
2016-07-14 17:30:00;0.0100;211.0900;   60;   38;    8;    0;    1;    0;    0;17.3200;0.0000;    0;   17
2016-07-14 17:31:00;0.0000;211.0900;   60;   66;    6;    0;    1;    0;    0;17.2400;0.0236;    0;   86
2016-07-14 17:32:00;0.0100;211.1000;   60;  107;   23;    0;    1;    0;    0;17.2400;0.0236;    0;  106
2016-07-14 17:33:00;0.0100;211.1100;   60;   84;   18;    0;    1;    0;    0;17.2400;0.0236;    0;   68
2016-07-14 17:34:00;0.0200;211.1300;   60;  125;   25;    0;    1;    0;    0;17.2400;0.0236;    0;    8
2016-07-14 17:35:00;0.0000;211.1300;   60;   85;    4;    0;    1;    0;    0;17.2400;0.0236;    0;   90
2016-07-14 17:36:00;0.0000;211.1300;    0;   13;    0;    0;    0;    0;    0;17.0700;0.0000;    0;  105
2016-07-14 17:37:00;0.0100;211.1400;   60;   39;    0;    0;    1;    0;    0;17.1500;0.0000;    0;   16
2016-07-14 17:38:00;0.0000;211.1400;   60;   24;    0;    0;    1;    0;    0;16.9900;0.0236;    0;   40
2016-07-14 17:39:00;0.0000;211.1400;    0;   52;    0;    0;    1;    0;    0;16.9900;0.0000;    0;   99
2016-07-14 17:40:00;0.0200;211.1600;   60;  162;   15;    0;    1;    0;    0;16.9900;0.0000;    0;   24
2016-07-14 17:41:00;0.0200;211.1800;   60;  233;   50;    0;    1;    0;    0;16.9900;0.0709;    0;  103
2016-07-14 17:42:00;0.0200;211.2000;   60;  192;    9;    0;    1;    0;    0;16.9100;0.0472;    0;   17
2016-07-14 17:43:00;0.0100;211.2100;   60;  128;   11;    0;    1;    0;    0;16.9100;0.0236;    0;    5
2016-07-14 17:44:00;0.0100;211.2200;   60;  132;   16;    0;    1;    0;    0;16.8300;0.0236;    0;   37
2016-07-14 17:45:00;0.0200;211.2400;   60;  195;   33;    0;    1;    0;    0;16.8300;0.0472;    0;   40
2016-07-14 17:46:00;0.0100;211.2500;   60;  222;   10;    0;    1;    0;    0;16.9100;0.0472;    0;  119
2016-07-14 17:47:00;0.0100;211.2600;   60;  147;    2;    0;    1;    0;    0;16.9100;0.0236;    0;  143
2016-07-14 17:48:00;0.0100;211.2700;   60;   98;    0;    0;    1;    0;    0;16.9100;0.0236;    0;   73
2016-07-14 17:49:00;0.0000;211.2700;   60;   36;    0;    0;    1;    0;    0;16.9100;0.0000;    0;  112
2016-07-14 17:50:00;0.0000;211.2700;    0;   58;    0;    0;    1;    0;    0;16.8300;0.0000;    0;  163
2016-07-14 17:51:00;0.0100;211.2800;   60;   20;    0;    0;    1;    0;    0;16.9100;0.0000;    0;   12
2016-07-14 17:52:00;0.0000;211.2800;   60;   19;    0;    0;    1;    0;    0;16.9100;0.0236;    0;   28
2016-07-14 17:53:00;0.0000;211.2800;    0;    5;    0;    0;    1;    0;    0;16.8300;0.0000;    0;   36
2016-07-14 17:54:00;0.0000;211.2800;    0;    0;    0;    0;    0;    0;    0;16.8300;0.0000;    0;   36
2016-07-14 17:55:00;0.0000;211.2800;    0;    0;    0;    0;    0;    0;    0;16.8300;0.0000;    0;   37
2016-07-14 17:56:00;0.0000;211.2800;    0;    0;    0;    0;    0;    0;    0;16.9100;0.0000;    0;   43
2016-07-14 17:57:00;0.0000;211.2800;    0;    0;    0;    0;    0;    0;    0;16.9100;0.0000;    0;   44
2016-07-14 17:58:00;0.0000;211.2800;    0;    0;    0;    0;    0;    0;    0;16.9100;0.0000;    0;   44
2016-07-14 17:59:00;0.0000;211.2800;    0;    0;    0;    0;    0;    0;    0;16.9100;0.0000;    0;   43
2016-07-14 18:00:00;0.0000;211.2800;    0;    0;    0;    0;    0;    0;    0;16.9100;0.0000;    0;   43
2016-07-14 18:01:00;0.0000;211.2800;    0;    0;    0;    0;    0;    0;    0;16.9100;0.0000;    0;   44
2016-07-14 18:02:00;0.0000;211.2800;    0;    0;    0;    0;    0;    0;    0;16.8300;0.0000;    0;   44
2016-07-14 18:03:00;0.0000;211.2800;    0;    0;    0;    0;    0;    0;    0;16.9100;0.0000;    0;   46
2016-07-14 18:04:00;0.0000;211.2800;    0;    0;    0;    0;    0;    0;    0;16.9100;0.0000;    0;   48
2016-07-14 18:05:00;0.0000;211.2800;    0;    0;    0;    0;    0;    0;    0;16.9100;0.0000;    0;   49
2016-07-14 18:06:00;0.0000;211.2800;    0;    0;    0;    0;    0;    0;    0;16.9100;0.0000;    0;   49
2016-07-14 18:07:00;0.0000;211.2800;    0;    0;    0;    0;    0;    0;    0;16.9900;0.0000;    0;   48
2016-07-14 18:08:00;0.0000;211.2800;    0;    0;    0;    0;    0;    0;    0;16.9900;0.0000;    0;   47
2016-07-14 18:09:00;0.0000;211.2800;    0;    0;    0;    0;    0;    0;    0;17.0700;0.0000;    0;   46
2016-07-14 18:10:00;0.0000;211.2800;    0;    0;    0;    0;    0;    0;    0;16.9900;0.0000;    0;   45
2016-07-14 18:11:00;0.0000;211.2800;    0;    0;    0;    0;    0;    0;    0;16.9900;0.0000;    0;   45
2016-07-14 18:12:00;0.0000;211.2800;    0;    0;    0;    0;    0;    0;    0;17.0700;0.0000;    0;   44
2016-07-14 18:13:00;0.0000;211.2800;    0;    0;    0;    0;    0;    0;    0;17.0700;0.0000;    0;   43
2016-07-14 18:14:00;0.0000;211.2800;    0;    0;    0;    0;    0;    0;    0;17.0700;0.0000;    0;   42
2016-07-14 18:15:00;0.0000;211.2800;    0;    0;    0;    0;    0;    0;    0;17.1500;0.0000;    0;   41
2016-07-14 18:16:00;0.0000;211.2800;    0;    0;    0;    0;    0;    0;    0;17.1500;0.0000;    0;   40
2016-07-14 18:17:00;0.0000;211.2800;    0;    0;    0;    0;    0;    0;    0;17.1500;0.0000;    0;   39
2016-07-14 18:18:00;0.0000;211.2800;    0;    0;    0;    0;    0;    0;    0;17.1500;0.0000;    0;   38
2016-07-14 18:19:00;0.0000;211.2800;    0;    0;    0;    0;    0;    0;    0;17.1500;0.0000;    0;   39
2016-07-14 18:20:00;0.0000;211.2800;    0;    0;    0;    0;    0;    0;    0;17.1500;0.0000;    0;   39
2016-07-14 18:21:00;0.0000;211.2800;    0;    0;    0;    0;    0;    0;    0;17.3200;0.0000;    0;   38
2016-07-14 18:22:00;0.0000;211.2800;    0;    0;    0;    0;    0;    0;    0;17.2400;0.0000;    0;   37
2016-07-14 18:23:00;0.0000;211.2800;    0;    0;    0;    0;    0;    0;    0;17.3200;0.0000;    0;   36
2016-07-14 18:24:00;0.0000;211.2800;    0;    0;    0;    0;    0;    0;    0;17.4000;0.0000;    0;   35
2016-07-14 18:25:00;0.0000;211.2800;    0;    0;    0;    0;    0;    0;    0;17.3200;0.0000;    0;   34
2016-07-14 18:26:00;0.0000;211.2800;    0;    0;    0;    0;    0;    0;    0;17.3200;0.0000;    0;   33
2016-07-14 18:27:00;0.0000;211.2800;    0;    0;    0;    0;    0;    0;    0;17.4000;0.0000;    0;   32
2016-07-14 18:28:00;0.0000;211.2800;    0;    0;    0;    0;    0;    0;    0;17.4000;0.0000;    0;   31
2016-07-14 18:29:00;0.0000;211.2800;    0;    0;    0;    0;    0;    0;    0;17.3200;0.0000;    0;   30
2016-07-14 18:30:00;0.0000;211.2800;    0;    0;    0;    0;    0;    0;    0;17.4000;0.0000;    0;   29
2016-07-14 18:31:00;0.0000;211.2800;    0;    0;    0;    0;    0;    0;    0;17.4800;0.0000;    0;   28
2016-07-14 18:32:00;0.0000;211.2800;    0;    0;    0;    0;    0;    0;    0;17.4800;0.0000;    0;   27
2016-07-14 18:33:00;0.0000;211.2800;    0;    0;    0;    0;    0;    0;    0;17.4800;0.0000;    0;   26
2016-07-14 18:34:00;0.0000;211.2800;    0;    0;    0;    0;    0;    0;    0;17.4800;0.0000;    0;   25
2016-07-14 18:35:00;0.0000;211.2800;    0;    0;    0;    0;    0;    0;    0;17.4800;0.0000;    0;   24
2016-07-14 18:36:00;0.0000;211.2800;    0;    0;    0;    0;    0;    0;    0;17.4000;0.0000;    0;   23
2016-07-14 18:37:00;0.0000;211.2800;    0;    0;    0;    0;    0;    0;    0;17.4000;0.0000;    0;   22
2016-07-14 18:38:00;0.0000;211.2800;    0;    0;    0;    0;    0;    0;    0;17.3200;0.0000;    0;   21
2016-07-14 18:39:00;0.0000;211.2800;    0;    0;    0;    0;    0;    0;    0;17.3200;0.0000;    0;   20
2016-07-14 18:40:00;0.0000;211.2800;    0;    0;    0;    0;    0;    0;    0;17.3200;0.0000;    0;   19
2016-07-14 18:41:00;0.0000;211.2800;    0;    0;    0;    0;    0;    0;    0;17.3200;0.0000;    0;   18
2016-07-14 18:42:00;0.0000;211.2800;    0;    0;    0;    0;    0;    0;    0;17.4000;0.0000;    0;   17
2016-07-14 18:43:00;0.0000;211.2800;    0;    0;    0;    0;    0;    0;    0;17.4000;0.0000;    0;   16
2016-07-14 18:44:00;0.0000;211.2800;    0;    0;    0;    0;    0;    0;    0;17.4000;0.0000;    0;   15
2016-07-14 18:45:00;0.0000;211.2800;    0;    0;    0;    0;    0;    0;    0;17.4800;0.0000;    0;   14
2016-07-14 18:46:00;0.0000;211.2800;    0;    0;    0;    0;    0;    0;    0;17.5700;0.0000;    0;   13
2016-07-14 18:47:00;0.0000;211.2800;    0;    0;    0;    0;    0;    0;    0;17.5700;0.0000;    0;   12
2016-07-14 18:48:00;0.0000;211.2800;    0;    0;    0;    0;    0;    0;    0;17.4800;0.0000;    0;   11
2016-07-14 18:49:00;0.0000;211.2800;    0;    0;    0;    0;    0;    0;    0;17.4800;0.0000;    0;   10
2016-07-14 18:50:00;0.0000;211.2800;    0;    0;    0;    0;    0;    0;    0;17.5700;0.0000;    0;    9
2016-07-14 18:51:00;0.0000;211.2800;    0;    0;    0;    0;    0;    0;    0;17.5700;0.0000;    0;    8
2016-07-14 18:52:00;0.0000;211.2800;    0;    0;    0;    0;    0;    0;    0;17.5700;0.0000;    0;    7
2016-07-14 18:53:00;0.0000;211.2800;    0;    0;    0;    0;    0;    0;    0;17.5700;0.0000;    0;    6
2016-07-14 18:54:00;0.0000;211.2800;    0;    0;    0;    0;    0;    0;    0;17.4800;0.0000;    0;    5
2016-07-14 18:55:00;0.0000;211.2800;    0;    0;    0;    0;    0;    0;    0;17.4800;0.0000;    0;    4
2016-07-14 18:56:00;0.0000;211.2800;    0;    0;    0;    0;    0;    0;    0;17.4800;0.0000;    0;    3
2016-07-14 18:57:00;0.0000;211.2800;    0;    0;    0;    0;    0;    0;    0;17.4800;0.0000;    0;    2
2016-07-14 18:58:00;0.0000;211.2800;    0;    0;    0;    0;    0;    0;    0;17.4800;0.0000;    0;    1
2016-07-14 18:59:00;0.0000;211.2800;    0;    0;    0;    0;    0;    0;    0;17.4800;0.0000;    0;    0
2016-07-14 19:00:00;0.0000;211.2800;    0;    0;    0;    0;    0;    0;    0;17.4800;0.0000;    0;    0
2016-07-14 19:01:00;0.0000;211.2800;    0;    0;    0;    0;    0;    0;    0;17.4800;0.0000;    0;    0
2016-07-14 19:02:00;0.0000;211.2800;    0;    0;    0;    0;    0;    0;    0;17.5700;0.0000;    0;    0
2016-07-14 19:03:00;0.0000;211.2800;    0;    0;    0;    0;    0;    0;    0;17.5700;0.0000;    0;    0
2016-07-14 19:04:00;0.0000;211.2800;    0;    0;    0;    0;    0;    0;    0;17.5700;0.0000;    0;    0
2016-07-14 19:05:00;0.0000;211.2800;    0;    0;    0;    0;    0;    0;    0;17.5700;0.0000;    0;    0
2016-07-14 19:06:00;0.0000;211.2800;    0;    0;    0;    0;    0;    0;    0;17.5700;0.0000;    0;    0
2016-07-14 19:07:00;0.0000;211.2800;    0;    0;    0;    0;    0;    0;    0;17.5700;0.0000;    0;    0
2016-07-14 19:08:00;0.0000;211.2800;    0;    0;    0;    0;    0;    0;    0;17.4800;0.0000;    0;    0
2016-07-14 19:09:00;0.0000;211.2800;    0;    0;    0;    0;    0;    0;    0;17.4800;0.0000;    0;    0
2016-07-14 19:10:00;0.0000;211.2800;    0;    0;    0;    0;    0;    0;    0;17.4800;0.0000;    0;    0
2016-07-14 19:11:00;0.0000;211.2800;    0;    0;    0;    0;    0;    0;    0;17.4800;0.0000;    0;    0
2016-07-14 19:12:00;0.0000;211.2800;    0;    0;    0;    0;    0;    0;    0;17.4800;0.0000;    0;    0
2016-07-14 19:13:00;0.0000;211.2800;    0;    0;    0;    0;    0;    0;    0;17.4800;0.0000;    0;    0
2016-07-14 19:14:00;0.0000;211.2800;    0;    0;    0;    0;    0;    0;    0;17.4800;0.0000;    0;    0
2016-07-14 19:15:00;0.0000;211.2800;    0;    0;    0;    0;    0;    0;    0;17.4800;0.0000;    0;    0
2016-07-14 19:16:00;0.0000;211.2800;    0;    0;    0;    0;    0;    0;    0;17.4000;0.0000;    0;    0
2016-07-14 19:17:00;0.0000;211.2800;    0;    0;    0;    0;    0;    0;    0;17.3200;0.0000;    0;    0
2016-07-14 19:18:00;0.0000;211.2800;    0;    0;    0;    0;    0;    0;    0;17.3200;0.0000;    0;    0
2016-07-14 19:19:00;0.0000;211.2800;    0;    0;    0;    0;    0;    0;    0;17.3200;0.0000;    0;    0
2016-07-14 19:20:00;0.0000;211.2800;    0;    0;    0;    0;    0;    0;    0;17.3200;0.0000;    0;    0
2016-07-14 19:21:00;0.0000;211.2800;    0;    0;    0;    0;    0;    0;    0;17.3200;0.0000;    0;    0
2016-07-14 19:22:00;0.0000;211.2800;    0;    0;    0;    0;    0;    0;    0;17.3200;0.0000;    0;    0
2016-07-14 19:23:00;0.0000;211.2800;    0;    0;    0;    0;    0;    0;    0;17.3200;0.0000;    0;    0
2016-07-14 19:24:00;0.0000;211.2800;    0;    0;    0;    0;    0;    0;    0;17.2400;0.0000;    0;    0
2016-07-14 19:25:00;0.0000;211.2800;    0;    0;    0;    0;    0;    0;    0;17.2400;0.0000;    0;    0
2016-07-14 19:26:00;0.0000;211.2800;    0;    0;    0;    0;    0;    0;    0;17.2400;0.0000;    0;    0
2016-07-14 19:27:00;0.0000;211.2800;    0;    0;    0;    0;    0;    0;    0;17.1500;0.0000;    0;    0
2016-07-14 19:28:00;0.0000;211.2800;    0;    0;    0;    0;    0;    0;    0;17.1500;0.0000;    0;    0
2016-07-14 19:29:00;0.0000;211.2800;    0;    0;    0;    0;    0;    0;    0;17.1500;0.0000;    0;    0
2016-07-14 19:30:00;0.0000;211.2800;    0;    0;    0;    0;    0;    0;    0;17.1500;0.0000;    0;    0
2016-07-14 19:31:00;0.0000;211.2800;    0;    0;    0;    0;    0;    0;    0;17.1500;0.0000;    0;    0
2016-07-14 19:32:00;0.0000;211.2800;    0;    0;    0;    0;    0;    0;    0;17.1500;0.0000;    0;    0
2016-07-14 19:33:00;0.0000;211.2800;    0;    0;    0;    0;    0;    0;    0;17.1500;0.0000;    0;    0
2016-07-14 19:34:00;0.0000;211.2800;    0;    0;    0;    0;    0;    0;    0;17.0700;0.0000;    0;    0
2016-07-14 19:35:00;0.0000;211.2800;    0;    0;    0;    0;    0;    0;    0;17.0700;0.0000;    0;    0
2016-07-14 19:36:00;0.0000;211.2800;    0;    0;    0;    0;    0;    0;    0;17.0700;0.0000;    0;    0
2016-07-14 19:37:00;0.0000;211.2800;    0;    0;    0;    0;    0;    0;    0;17.0700;0.0000;    0;    0
2016-07-14 19:38:00;0.0000;211.2800;    0;    0;    0;    0;    0;    0;    0;17.0700;0.0000;    0;    0
2016-07-14 19:39:00;0.0000;211.2800;    0;    0;    0;    0;    0;    0;    0;17.0700;0.0000;    0;    0
2016-07-14 19:40:00;0.0000;211.2800;    0;    0;    0;    0;    0;    0;    0;17.0700;0.0000;    0;    0
2016-07-14 19:41:00;0.0000;211.2800;    0;    0;    0;    0;    0;    0;    0;16.9900;0.0000;    0;    0
2016-07-14 19:42:00;0.0000;211.2800;    0;    0;    0;    0;    0;    0;    0;17.0700;0.0000;    0;    0
2016-07-14 19:43:00;0.0000;211.2800;    0;    0;    0;    0;    0;    0;    0;17.0700;0.0000;    0;    0
2016-07-14 19:44:00;0.0000;211.2800;    0;    0;    0;    0;    0;    0;    0;17.0700;0.0000;    0;    0
2016-07-14 19:45:00;0.0000;211.2800;    0;    0;    0;    0;    0;    0;    0;17.0700;0.0000;    0;    0
2016-07-14 19:46:00;0.0000;211.2800;    0;    0;    0;    0;    0;    0;    0;16.9900;0.0000;    0;    0
2016-07-14 19:47:00;0.0000;211.2800;    0;    0;    0;    0;    0;    0;    0;16.9900;0.0000;    0;    0
2016-07-14 19:48:00;0.0000;211.2800;    0;    0;    0;    0;    0;    0;    0;16.9900;0.0000;    0;    0
2016-07-14 19:49:00;0.0000;211.2800;    0;    0;    0;    0;    0;    0;    0;16.9900;0.0000;    0;    0
2016-07-14 19:50:00;0.0000;211.2800;    0;    0;    0;    0;    0;    0;    0;16.9900;0.0000;    0;    0
2016-07-14 19:51:00;0.0000;211.2800;    0;    0;    0;    0;    0;    0;    0;16.9900;0.0000;    0;    0
2016-07-14 19:52:00;0.0000;211.2800;    0;    0;    0;    0;    0;    0;    0;16.9900;0.0000;    0;    0
2016-07-14 19:53:00;0.0000;211.2800;    0;    0;    0;    0;    0;    0;    0;16.9900;0.0000;    0;    0
2016-07-14 19:54:00;0.0000;211.2800;    0;    0;    0;    0;    0;    0;    0;16.9900;0.0000;    0;    0
2016-07-14 19:55:00;0.0000;211.2800;    0;    0;    0;    0;    0;    0;    0;16.9900;0.0000;    0;    1
2016-07-14 19:56:00;0.0000;211.2800;    0;    0;    0;    0;    0;    0;    0;16.9900;0.0000;    0;    0
2016-07-14 19:57:00;0.0000;211.2800;    0;    0;    0;    0;    0;    0;    0;16.9100;0.0000;    0;    0
2016-07-14 19:58:00;0.0000;211.2800;    0;    0;    0;    0;    0;    0;    0;16.9100;0.0000;    0;    0
2016-07-14 19:59:00;0.0000;211.2800;    0;    0;    0;    0;    0;    0;    0;16.8300;0.0000;    0;    0
2016-07-14 20:00:00;0.0000;211.2800;    0;    0;    0;    0;    0;    0;    0;16.8300;0.0000;    0;    0
2016-07-14 20:01:00;0.0000;211.2800;    0;    0;    0;    0;    0;    0;    0;16.8300;0.0000;    0;    0
2016-07-14 20:02:00;0.0000;211.2800;    0;    0;    0;    0;    0;    0;    0;16.7500;0.0000;    0;    0
2016-07-14 20:03:00;0.0000;211.2800;    0;    0;    0;    0;    0;    0;    0;16.7500;0.0000;    0;    0
2016-07-14 20:04:00;0.0000;211.2800;    0;    0;    0;    0;    0;    0;    0;16.8300;0.0000;    0;    0
2016-07-14 20:05:00;0.0000;211.2800;    0;    0;    0;    0;    0;    0;    0;16.8300;0.0000;    0;    0
2016-07-14 20:06:00;0.0000;211.2800;    0;    0;    0;    0;    0;    0;    0;16.8300;0.0000;    0;    0
2016-07-14 20:07:00;0.0000;211.2800;    0;    0;    0;    0;    0;    0;    0;16.8300;0.0000;    0;    0
2016-07-14 20:08:00;0.0000;211.2800;    0;    0;    0;    0;    0;    0;    0;16.8300;0.0000;    0;    0
2016-07-14 20:09:00;0.0000;211.2800;    0;    0;    0;    0;    0;    0;    0;16.8300;0.0000;    0;    0
2016-07-14 20:10:00;0.0000;211.2800;    0;    0;    0;    0;    0;    0;    0;16.8300;0.0000;    0;    0
2016-07-14 20:11:00;0.0000;211.2800;    0;    0;    0;    0;    0;    0;    0;16.7500;0.0000;    0;    0
2016-07-14 20:12:00;0.0000;211.2800;    0;    0;    0;    0;    0;    0;    0;16.8300;0.0000;    0;    0
2016-07-14 20:13:00;0.0000;211.2800;    0;    0;    0;    0;    0;    0;    0;16.8300;0.0000;    0;    0
2016-07-14 20:14:00;0.0000;211.2800;    0;    0;    0;    0;    0;    0;    0;16.8300;0.0000;    0;    0
2016-07-14 20:15:00;0.0000;211.2800;    0;    0;    0;    0;    0;    0;    0;16.9100;0.0000;    0;    0
2016-07-14 20:16:00;0.0000;211.2800;    0;    0;    0;    0;    0;    0;    0;16.8300;0.0000;    0;    0
2016-07-14 20:17:00;0.0000;211.2800;    0;    0;    0;    0;    0;    0;    0;16.8300;0.0000;    0;    0
2016-07-14 20:18:00;0.0000;211.2800;    0;    0;    0;    0;    0;    0;    0;16.8300;0.0000;    0;    0
2016-07-14 20:19:00;0.0000;211.2800;    0;    0;    0;    0;    0;    0;    0;16.9100;0.0000;    0;    0
2016-07-14 20:20:00;0.0000;211.2800;    0;    0;    0;    0;    0;    0;    0;16.9100;0.0000;    0;    0
2016-07-14 20:21:00;0.0000;211.2800;    0;    0;    0;    0;    0;    0;    0;16.9100;0.0000;    0;    0
2016-07-14 20:22:00;0.0000;211.2800;    0;    0;    0;    0;    0;    0;    0;16.9100;0.0000;    0;    1
2016-07-14 20:23:00;0.0000;211.2800;    0;    0;    0;    0;    0;    0;    0;16.8300;0.0000;    0;    0
2016-07-14 20:24:00;0.0000;211.2800;    0;    0;    0;    0;    0;    0;    0;16.8300;0.0000;    0;    0
2016-07-14 20:25:00;0.0000;211.2800;    0;    0;    0;    0;    0;    0;    0;16.9100;0.0000;    0;    0
2016-07-14 20:26:00;0.0000;211.2800;    0;    0;    0;    0;    0;    0;    0;16.9100;0.0000;    0;    0
2016-07-14 20:27:00;0.0000;211.2800;    0;    0;    0;    0;    0;    0;    0;16.8300;0.0000;    0;    0
2016-07-14 20:28:00;0.0000;211.2800;    0;    0;    0;    0;    0;    0;    0;16.9100;0.0000;    0;    0
2016-07-14 20:29:00;0.0000;211.2800;    0;    0;    0;    0;    0;    0;    0;16.9900;0.0000;    0;    0
2016-07-14 20:30:00;0.0000;211.2800;    0;    0;    0;    0;    0;    0;    0;17.0700;0.0000;    0;    0
2016-07-14 20:31:00;0.0000;211.2800;    0;    0;    0;    0;    0;    0;    0;16.9900;0.0000;    0;    0
2016-07-14 20:32:00;0.0000;211.2800;    0;    0;    0;    0;    0;    0;    0;16.9900;0.0000;    0;    0
2016-07-14 20:33:00;0.0000;211.2800;    0;    0;    0;    0;    0;    0;    0;16.9900;0.0000;    0;    0
2016-07-14 20:34:00;0.0000;211.2800;    0;    0;    0;    0;    0;    0;    0;16.9900;0.0000;    0;    0
2016-07-14 20:35:00;0.0000;211.2800;    0;    0;    0;    0;    0;    0;    0;16.9100;0.0000;    0;    0
2016-07-14 20:36:00;0.0000;211.2800;    0;    0;    0;    0;    0;    0;    0;16.9100;0.0000;    0;    0
2016-07-14 20:37:00;0.0000;211.2800;    0;    0;    0;    0;    0;    0;    0;16.9100;0.0000;    0;    0
2016-07-14 20:38:00;0.0000;211.2800;    0;    0;    0;    0;    0;    0;    0;16.8300;0.0000;    0;    0
2016-07-14 20:39:00;0.0000;211.2800;    0;    0;    0;    0;    0;    0;    0;16.8300;0.0000;    0;    0
2016-07-14 20:40:00;0.0000;211.2800;    0;    0;    0;    0;    0;    0;    0;16.9100;0.0000;    0;    0
2016-07-14 20:41:00;0.0000;211.2800;    0;    0;    0;    0;    0;    0;    0;16.9100;0.0000;    0;    0
2016-07-14 20:42:00;0.0000;211.2800;    0;    0;    0;    0;    0;    0;    0;16.9900;0.0000;    0;    0
2016-07-14 20:43:00;0.0000;211.2800;    0;    0;    0;    0;    0;    0;    0;16.9900;0.0000;    0;    0
2016-07-14 20:44:00;0.0000;211.2800;    0;    0;    0;    0;    0;    0;    0;16.9900;0.0000;    0;    0
2016-07-14 20:45:00;0.0000;211.2800;    0;    0;    0;    0;    0;    0;    0;16.9900;0.0000;    0;    0
2016-07-14 20:46:00;0.0000;211.2800;    0;    0;    0;    0;    0;    0;    0;16.9900;0.0000;    0;    0
2016-07-14 20:47:00;0.0000;211.2800;    0;    0;    0;    0;    0;    0;    0;16.9100;0.0000;    0;    0
2016-07-14 20:48:00;0.0000;211.2800;    0;    0;    0;    0;    0;    0;    0;16.9100;0.0000;    0;    0
2016-07-14 20:49:00;0.0000;211.2800;    0;    0;    0;    0;    0;    0;    0;16.9100;0.0000;    0;    0
2016-07-14 20:50:00;0.0000;211.2800;    0;    0;    0;    0;    0;    0;    0;16.9100;0.0000;    0;    0
2016-07-14 20:51:00;0.0000;211.2800;    0;    0;    0;    0;    0;    0;    0;16.9100;0.0000;    0;    1
2016-07-14 20:52:00;0.0000;211.2800;    0;    0;    0;    0;    0;    0;    0;16.9100;0.0000;    0;    0
2016-07-14 20:53:00;0.0000;211.2800;    0;    0;    0;    0;    0;    0;    0;16.9100;0.0000;    0;    0
2016-07-14 20:54:00;0.0000;211.2800;    0;    0;    0;    0;    0;    0;    0;16.9100;0.0000;    0;    0
2016-07-14 20:55:00;0.0000;211.2800;    0;    0;    0;    0;    0;    0;    0;16.9900;0.0000;    0;    0
2016-07-14 20:56:00;0.0000;211.2800;    0;    0;    0;    0;    0;    0;    0;16.9900;0.0000;    0;    0
2016-07-14 20:57:00;0.0000;211.2800;    0;    0;    0;    0;    0;    0;    0;16.9100;0.0000;    0;    0
2016-07-14 20:58:00;0.0000;211.2800;    0;    0;    0;    0;    0;    0;    0;16.9100;0.0000;    0;    0
2016-07-14 20:59:00;0.0000;211.2800;    0;    0;    0;    0;    0;    0;    0;16.9100;0.0000;    0;    0
2016-07-14 21:00:00;0.0000;211.2800;    0;    0;    0;    0;    0;    0;    0;16.9100;0.0000;    0;    0
2016-07-14 21:01:00;0.0000;211.2800;    0;    0;    0;    0;    0;    0;    0;16.9100;0.0000;    0;    1
2016-07-14 21:02:00;0.0000;211.2800;    0;    0;    0;    0;    0;    0;    0;16.9900;0.0000;    0;    0
2016-07-14 21:03:00;0.0000;211.2800;    0;    0;    0;    0;    0;    0;    0;16.9900;0.0000;    0;    0
2016-07-14 21:04:00;0.0000;211.2800;    0;    0;    0;    0;    0;    0;    0;16.9900;0.0000;    0;    0
2016-07-14 21:05:00;0.0000;211.2800;    0;    0;    0;    0;    0;    0;    0;16.9900;0.0000;    0;    0
2016-07-14 21:06:00;0.0000;211.2800;    0;    0;    0;    0;    0;    0;    0;16.9900;0.0000;    0;    0
2016-07-14 21:07:00;0.0000;211.2800;    0;    0;    0;    0;    0;    0;    0;16.9900;0.0000;    0;    0
2016-07-14 21:08:00;0.0000;211.2800;    0;    0;    0;    0;    0;    0;    0;16.9900;0.0000;    0;    0
2016-07-14 21:09:00;0.0000;211.2800;    0;    0;    0;    0;    0;    0;    0;16.9900;0.0000;    0;    0
2016-07-14 21:10:00;0.0000;211.2800;    0;    0;    0;    0;    0;    0;    0;16.9100;0.0000;    0;    0
2016-07-14 21:11:00;0.0000;211.2800;    0;    0;    0;    0;    0;    0;    0;16.9100;0.0000;    0;    0
2016-07-14 21:12:00;0.0000;211.2800;    0;    0;    0;    0;    0;    0;    0;16.9100;0.0000;    0;    0
2016-07-14 21:13:00;0.0000;211.2800;    0;    0;    0;    0;    0;    0;    0;16.9100;0.0000;    0;    0
2016-07-14 21:14:00;0.0000;211.2800;    0;    0;    0;    0;    0;    0;    0;16.9100;0.0000;    0;    0
2016-07-14 21:15:00;0.0000;211.2800;    0;    0;    0;    0;    0;    0;    0;16.9100;0.0000;    0;    0
2016-07-14 21:16:00;0.0000;211.2800;    0;    0;    0;    0;    0;    0;    0;16.9100;0.0000;    0;    0
2016-07-14 21:17:00;0.0000;211.2800;    0;    0;    0;    0;    0;    0;    0;16.9100;0.0000;    0;    0
2016-07-14 21:18:00;0.0000;211.2800;    0;    0;    0;    0;    0;    0;    0;16.9100;0.0000;    0;    0
2016-07-14 21:19:00;0.0000;211.2800;    0;    0;    0;    0;    0;    0;    0;16.9100;0.0000;    0;    0
2016-07-14 21:20:00;0.0000;211.2800;    0;    0;    0;    0;    0;    0;    0;16.9100;0.0000;    0;    0
2016-07-14 21:21:00;0.0000;211.2800;    0;    0;    0;    0;    0;    0;    0;16.9900;0.0000;    0;    0
2016-07-14 21:22:00;0.0000;211.2800;    0;    0;    0;    0;    0;    0;    0;16.9100;0.0000;    0;    0
2016-07-14 21:23:00;0.0000;211.2800;    0;    0;    0;    0;    0;    0;    0;16.9100;0.0000;    0;    0
2016-07-14 21:24:00;0.0000;211.2800;    0;    0;    0;    0;    0;    0;    0;16.9900;0.0000;    0;    0
2016-07-14 21:25:00;0.0000;211.2800;    0;    0;    0;    0;    0;    0;    0;16.9100;0.0000;    0;    0
2016-07-14 21:26:00;0.0000;211.2800;    0;    0;    0;    0;    0;    0;    0;16.9100;0.0000;    0;    0
2016-07-14 21:27:00;0.0000;211.2800;    0;    0;    0;    0;    0;    0;    0;16.9100;0.0000;    0;    0
2016-07-14 21:28:00;0.0000;211.2800;    0;    0;    0;    0;    0;    0;    0;16.9100;0.0000;    0;    0
2016-07-14 21:29:00;0.0000;211.2800;    0;    0;    0;    0;    0;    0;    0;16.9100;0.0000;    0;    0
2016-07-14 21:30:00;0.0000;211.2800;    0;    0;    0;    0;    0;    0;    0;16.9100;0.0000;    0;    0
2016-07-14 21:31:00;0.0000;211.2800;    0;    0;    0;    0;    0;    0;    0;16.9100;0.0000;    0;    0
2016-07-14 21:32:00;0.0000;211.2800;    0;    0;    0;    0;    0;    0;    0;16.8300;0.0000;    0;    0
2016-07-14 21:33:00;0.0000;211.2800;    0;    0;    0;    0;    0;    0;    0;16.9100;0.0000;    0;    0
2016-07-14 21:34:00;0.0000;211.2800;    0;    0;    0;    0;    0;    0;    0;16.9100;0.0000;    0;    0
2016-07-14 21:35:00;0.0000;211.2800;    0;    0;    0;    0;    0;    0;    0;16.9100;0.0000;    0;    0
2016-07-14 21:36:00;0.0000;211.2800;    0;    0;    0;    0;    0;    0;    0;16.9100;0.0000;    0;    0
2016-07-14 21:37:00;0.0000;211.2800;    0;    0;    0;    0;    0;    0;    0;16.9100;0.0000;    0;    0
2016-07-14 21:38:00;0.0000;211.2800;    0;    0;    0;    0;    0;    0;    0;16.9100;0.0000;    0;    0
2016-07-14 21:39:00;0.0000;211.2800;    0;    0;    0;    0;    0;    0;    0;16.9100;0.0000;    0;    0
2016-07-14 21:40:00;0.0000;211.2800;    0;    0;    0;    0;    0;    0;    0;16.9100;0.0000;    0;    0
2016-07-14 21:41:00;0.0000;211.2800;    0;    0;    0;    0;    0;    0;    0;16.8300;0.0000;    0;    0
2016-07-14 21:42:00;0.0000;211.2800;    0;    0;    0;    0;    0;    0;    0;16.9100;0.0000;    0;    0
2016-07-14 21:43:00;0.0000;211.2800;    0;    0;    0;    0;    0;    0;    0;16.9100;0.0000;    0;    0
2016-07-14 21:44:00;0.0000;211.2800;    0;    0;    0;    0;    0;    0;    0;16.9100;0.0000;    0;    0
2016-07-14 21:45:00;0.0000;211.2800;    0;    0;    0;    0;    0;    0;    0;16.9100;0.0000;    0;    0
2016-07-14 21:46:00;0.0000;211.2800;    0;    0;    0;    0;    0;    0;    0;16.9100;0.0000;    0;    0
2016-07-14 21:47:00;0.0000;211.2800;    0;    0;    0;    0;    0;    0;    0;16.9100;0.0000;    0;    0
2016-07-14 21:48:00;0.0000;211.2800;    0;    0;    0;    0;    0;    0;    0;16.9100;0.0000;    0;    0
2016-07-14 21:49:00;0.0000;211.2800;    0;    0;    0;    0;    0;    0;    0;16.9100;0.0000;    0;    0
2016-07-14 21:50:00;0.0000;211.2800;    0;    0;    0;    0;    0;    0;    0;16.9100;0.0000;    0;    0
2016-07-14 21:51:00;0.0000;211.2800;    0;    0;    0;    0;    0;    0;    0;16.9100;0.0000;    0;    0
2016-07-14 21:52:00;0.0000;211.2800;    0;    0;    0;    0;    0;    0;    0;16.9100;0.0000;    0;    0
2016-07-14 21:53:00;0.0000;211.2800;    0;    0;    0;    0;    0;    0;    0;16.9100;0.0000;    0;    0
2016-07-14 21:54:00;0.0000;211.2800;    0;    0;    0;    0;    0;    0;    0;16.9100;0.0000;    0;    0
2016-07-14 21:55:00;0.0000;211.2800;    0;    0;    0;    0;    0;    0;    0;16.9100;0.0000;    0;    0
2016-07-14 21:56:00;0.0000;211.2800;    0;    0;    0;    0;    0;    0;    0;16.9100;0.0000;    0;    0
2016-07-14 21:57:00;0.0000;211.2800;    0;    0;    0;    0;    0;    0;    0;16.8300;0.0000;    0;    0
2016-07-14 21:58:00;0.0000;211.2800;    0;    0;    0;    0;    0;    0;    0;16.9100;0.0000;    0;    0
2016-07-14 21:59:00;0.0000;211.2800;    0;    0;    0;    0;    0;    0;    0;16.8300;0.0000;    0;    0
2016-07-14 22:00:00;0.0000;211.2800;    0;    0;    0;    0;    0;    0;    0;16.9100;0.0000;    0;    0
2016-07-14 22:01:00;0.0000;211.2800;    0;    0;    0;    0;    0;    0;    0;16.9100;0.0000;    0;    0
2016-07-14 22:02:00;0.0000;211.2800;    0;    0;    0;    0;    0;    0;    0;16.9100;0.0000;    0;    0
2016-07-14 22:03:00;0.0000;211.2800;    0;    0;    0;    0;    0;    0;    0;16.9100;0.0000;    0;    0
2016-07-14 22:04:00;0.0000;211.2800;    0;    0;    0;    0;    0;    0;    0;16.9100;0.0000;    0;    0
2016-07-14 22:05:00;0.0000;211.2800;    0;    0;    0;    0;    0;    0;    0;16.9100;0.0000;    0;    0
2016-07-14 22:06:00;0.0000;211.2800;    0;    0;    0;    0;    0;    0;    0;16.9100;0.0000;    0;    0
2016-07-14 22:07:00;0.0000;211.2800;    0;    0;    0;    0;    0;    0;    0;16.9100;0.0000;    0;    0
2016-07-14 22:08:00;0.0000;211.2800;    0;    0;    0;    0;    0;    0;    0;16.9100;0.0000;    0;    0
2016-07-14 22:09:00;0.0000;211.2800;    0;    0;    0;    0;    0;    0;    0;16.9100;0.0000;    0;    0
2016-07-14 22:10:00;0.0000;211.2800;    0;    0;    0;    0;    0;    0;    0;16.9100;0.0000;    0;    0
2016-07-14 22:11:00;0.0000;211.2800;    0;    0;    0;    0;    0;    0;    0;16.9100;0.0000;    0;    0
2016-07-14 22:12:00;0.0000;211.2800;    0;    0;    0;    0;    0;    0;    0;16.8300;0.0000;    0;    0
2016-07-14 22:13:00;0.0000;211.2800;    0;    0;    0;    0;    0;    0;    0;16.9100;0.0000;    0;    0
2016-07-14 22:14:00;0.0000;211.2800;    0;    0;    0;    0;    0;    0;    0;16.9100;0.0000;    0;    0
2016-07-14 22:15:00;0.0000;211.2800;    0;    0;    0;    0;    0;    0;    0;16.8300;0.0000;    0;    0
2016-07-14 22:16:00;0.0000;211.2800;    0;    0;    0;    0;    0;    0;    0;16.9100;0.0000;    0;    0
2016-07-14 22:17:00;0.0000;211.2800;    0;    0;    0;    0;    0;    0;    0;16.8300;0.0000;    0;    0
2016-07-14 22:18:00;0.0000;211.2800;    0;    0;    0;    0;    0;    0;    0;16.8300;0.0000;    0;    0
2016-07-14 22:19:00;0.0000;211.2800;    0;    0;    0;    0;    0;    0;    0;16.8300;0.0000;    0;    0
2016-07-14 22:20:00;0.0000;211.2800;    0;    0;    0;    0;    0;    0;    0;16.9100;0.0000;    0;    0
2016-07-14 22:21:00;0.0000;211.2800;    0;    0;    0;    0;    0;    0;    0;16.9100;0.0000;    0;    0
2016-07-14 22:22:00;0.0000;211.2800;    0;    0;    0;    0;    0;    0;    0;16.9100;0.0000;    0;    0
2016-07-14 22:23:00;0.0000;211.2800;    0;    0;    0;    0;    0;    0;    0;16.9100;0.0000;    0;    0
2016-07-14 22:24:00;0.0000;211.2800;    0;    0;    0;    0;    0;    0;    0;16.8300;0.0000;    0;    0
2016-07-14 22:25:00;0.0000;211.2800;    0;    0;    0;    0;    0;    0;    0;16.9100;0.0000;    0;    0
2016-07-14 22:26:00;0.0000;211.2800;    0;    0;    0;    0;    0;    0;    0;16.8300;0.0000;    0;    0
2016-07-14 22:27:00;0.0000;211.2800;    0;    0;    0;    0;    0;    0;    0;16.9100;0.0000;    0;    0
2016-07-14 22:28:00;0.0000;211.2800;    0;    0;    0;    0;    0;    0;    0;16.9100;0.0000;    0;    0
2016-07-14 22:29:00;0.0000;211.2800;    0;    0;    0;    0;    0;    0;    0;16.9100;0.0000;    0;    0
2016-07-14 22:30:00;0.0000;211.2800;    0;    0;    0;    0;    0;    0;    0;16.8300;0.0000;    0;    0
2016-07-14 22:31:00;0.0000;211.2800;    0;    0;    0;    0;    0;    0;    0;16.9100;0.0000;    0;    0
2016-07-14 22:32:00;0.0000;211.2800;    0;    0;    0;    0;    0;    0;    0;16.9100;0.0000;    0;    0
2016-07-14 22:33:00;0.0000;211.2800;    0;    0;    0;    0;    0;    0;    0;16.9100;0.0000;    0;    0
2016-07-14 22:34:00;0.0000;211.2800;    0;    0;    0;    0;    0;    0;    0;16.9100;0.0000;    0;    0
2016-07-14 22:35:00;0.0000;211.2800;    0;    0;    0;    0;    0;    0;    0;16.8300;0.0000;    0;    0
2016-07-14 22:36:00;0.0000;211.2800;    0;    0;    0;    0;    0;    0;    0;16.8300;0.0000;    0;    0
2016-07-14 22:37:00;0.0000;211.2800;    0;    0;    0;    0;    0;    0;    0;16.8300;0.0000;    0;    0
2016-07-14 22:38:00;0.0000;211.2800;    0;    0;    0;    0;    0;    0;    0;16.8300;0.0000;    0;    0
2016-07-14 22:39:00;0.0000;211.2800;    0;    0;    0;    0;    0;    0;    0;16.8300;0.0000;    0;    0
2016-07-14 22:40:00;0.0000;211.2800;    0;    0;    0;    0;    0;    0;    0;16.8300;0.0000;    0;    0
2016-07-14 22:41:00;0.0000;211.2800;    0;    0;    0;    0;    0;    0;    0;16.8300;0.0000;    0;    0
2016-07-14 22:42:00;0.0000;211.2800;    0;    0;    0;    0;    0;    0;    0;16.7500;0.0000;    0;    0
2016-07-14 22:43:00;0.0000;211.2800;    0;    0;    0;    0;    0;    0;    0;16.8300;0.0000;    0;    0
2016-07-14 22:44:00;0.0000;211.2800;    0;    0;    0;    0;    0;    0;    0;16.7500;0.0000;    0;    0
2016-07-14 22:45:00;0.0000;211.2800;    0;    0;    0;    0;    0;    0;    0;16.8300;0.0000;    0;    0
2016-07-14 22:46:00;0.0000;211.2800;    0;    0;    0;    0;    0;    0;    0;16.8300;0.0000;    0;    0
2016-07-14 22:47:00;0.0000;211.2800;    0;    0;    0;    0;    0;    0;    0;16.8300;0.0000;    0;    0
2016-07-14 22:48:00;0.0000;211.2800;    0;    0;    0;    0;    0;    0;    0;16.8300;0.0000;    0;    0
2016-07-14 22:49:00;0.0000;211.2800;    0;    0;    0;    0;    0;    0;    0;16.8300;0.0000;    0;    0
2016-07-14 22:50:00;0.0000;211.2800;    0;    0;    0;    0;    0;    0;    0;16.8300;0.0000;    0;    0
2016-07-14 22:51:00;0.0000;211.2800;    0;    0;    0;    0;    0;    0;    0;16.7500;0.0000;    0;    0
2016-07-14 22:52:00;0.0000;211.2800;    0;    0;    0;    0;    0;    0;    0;16.8300;0.0000;    0;    0
2016-07-14 22:53:00;0.0000;211.2800;    0;    0;    0;    0;    0;    0;    0;16.9100;0.0000;    0;    0
2016-07-14 22:54:00;0.0000;211.2800;    0;    0;    0;    0;    0;    0;    0;16.9100;0.0000;    0;    0
2016-07-14 22:55:00;0.0000;211.2800;    0;    0;    0;    0;    0;    0;    0;16.8300;0.0000;    0;    0
2016-07-14 22:56:00;0.0000;211.2800;    0;    0;    0;    0;    0;    0;    0;16.8300;0.0000;    0;    0
2016-07-14 22:57:00;0.0000;211.2800;    0;    0;    0;    0;    0;    0;    0;16.8300;0.0000;    0;    0
2016-07-14 22:58:00;0.0000;211.2800;    0;    0;    0;    0;    0;    0;    0;16.8300;0.0000;    0;    0
2016-07-14 22:59:00;0.0000;211.2800;    0;    0;    0;    0;    0;    0;    0;16.8300;0.0000;    0;    0
2016-07-14 23:00:00;0.0000;211.2800;    0;    0;    0;    0;    0;    0;    0;16.8300;0.0000;    0;    0
2016-07-14 23:01:00;0.0000;211.2800;    0;    0;    0;    0;    0;    0;    0;16.7500;0.0000;    0;    0
2016-07-14 23:02:00;0.0000;211.2800;    0;    0;    0;    0;    0;    0;    0;16.7500;0.0000;    0;    0
2016-07-14 23:03:00;0.0000;211.2800;    0;    0;    0;    0;    0;    0;    0;16.8300;0.0000;    0;    0
2016-07-14 23:04:00;0.0000;211.2800;    0;    0;    0;    0;    0;    0;    0;16.8300;0.0000;    0;    0
2016-07-14 23:05:00;0.0000;211.2800;    0;    0;    0;    0;    0;    0;    0;16.8300;0.0000;    0;    0
2016-07-14 23:06:00;0.0000;211.2800;    0;    0;    0;    0;    0;    0;    0;16.7500;0.0000;    0;    0
2016-07-14 23:07:00;0.0000;211.2800;    0;    0;    0;    0;    0;    0;    0;16.8300;0.0000;    0;    0
2016-07-14 23:08:00;0.0000;211.2800;    0;    0;    0;    0;    0;    0;    0;16.8300;0.0000;    0;    0
2016-07-14 23:09:00;0.0000;211.2800;    0;    0;    0;    0;    0;    0;    0;16.8300;0.0000;    0;    0
2016-07-14 23:10:00;0.0000;211.2800;    0;    0;    0;    0;    0;    0;    0;16.7500;0.0000;    0;    0
2016-07-14 23:11:00;0.0000;211.2800;    0;    0;    0;    0;    0;    0;    0;16.7500;0.0000;    0;    0
2016-07-14 23:12:00;0.0000;211.2800;    0;    0;    0;    0;    0;    0;    0;16.7500;0.0000;    0;    0
2016-07-14 23:13:00;0.0000;211.2800;    0;    0;    0;    0;    0;    0;    0;16.7500;0.0000;    0;    0
2016-07-14 23:14:00;0.0000;211.2800;    0;    0;    0;    0;    0;    0;    0;16.7500;0.0000;    0;    0
2016-07-14 23:15:00;0.0000;211.2800;    0;    0;    0;    0;    0;    0;    0;16.7500;0.0000;    0;    0
2016-07-14 23:16:00;0.0000;211.2800;    0;    0;    0;    0;    0;    0;    0;16.6700;0.0000;    0;    0
2016-07-14 23:17:00;0.0000;211.2800;    0;    0;    0;    0;    0;    0;    0;16.6700;0.0000;    0;    0
2016-07-14 23:18:00;0.0000;211.2800;    0;    0;    0;    0;    0;    0;    0;16.6700;0.0000;    0;    0
2016-07-14 23:19:00;0.0000;211.2800;    0;    0;    0;    0;    0;    0;    0;16.5900;0.0000;    0;    0
2016-07-14 23:20:00;0.0000;211.2800;    0;    0;    0;    0;    0;    0;    0;16.5100;0.0000;    0;    0
2016-07-14 23:21:00;0.0000;211.2800;    0;    0;    0;    0;    0;    0;    0;16.5900;0.0000;    0;    0
2016-07-14 23:22:00;0.0000;211.2800;    0;    0;    0;    0;    0;    0;    0;16.5900;0.0000;    0;    0
2016-07-14 23:23:00;0.0000;211.2800;    0;    0;    0;    0;    0;    0;    0;16.5900;0.0000;    0;    0
2016-07-14 23:24:00;0.0000;211.2800;    0;    0;    0;    0;    0;    0;    0;16.6700;0.0000;    0;    0
2016-07-14 23:25:00;0.0000;211.2800;    0;    0;    0;    0;    0;    0;    0;16.5900;0.0000;    0;    0
2016-07-14 23:26:00;0.0000;211.2800;    0;    0;    0;    0;    0;    0;    0;16.5900;0.0000;    0;    0
2016-07-14 23:27:00;0.0000;211.2800;    0;    0;    0;    0;    0;    0;    0;16.5100;0.0000;    0;    0
2016-07-14 23:28:00;0.0000;211.2800;    0;    0;    0;    0;    0;    0;    0;16.5100;0.0000;    0;    0
2016-07-14 23:29:00;0.0000;211.2800;    0;    0;    0;    0;    0;    0;    0;16.5100;0.0000;    0;    0
2016-07-14 23:30:00;0.0000;211.2800;    0;    0;    0;    0;    0;    0;    0;16.4200;0.0000;    0;    0
2016-07-14 23:31:00;0.0000;211.2800;    0;    0;    0;    0;    0;    0;    0;16.3400;0.0000;    0;    0
2016-07-14 23:32:00;0.0000;211.2800;    0;    0;    0;    0;    0;    0;    0;16.4200;0.0000;    0;    0
2016-07-14 23:33:00;0.0000;211.2800;    0;    0;    0;    0;    0;    0;    0;16.4200;0.0000;    0;    0
2016-07-14 23:34:00;0.0000;211.2800;    0;    0;    0;    0;    0;    0;    0;16.4200;0.0000;    0;    0
2016-07-14 23:35:00;0.0000;211.2800;    0;    0;    0;    0;    0;    0;    0;16.4200;0.0000;    0;    0
2016-07-14 23:36:00;0.0000;211.2800;    0;    0;    0;    0;    0;    0;    0;16.4200;0.0000;    0;    0
2016-07-14 23:37:00;0.0000;211.2800;    0;    0;    0;    0;    0;    0;    0;16.4200;0.0000;    0;    0
2016-07-14 23:38:00;0.0000;211.2800;    0;    0;    0;    0;    0;    0;    0;16.5100;0.0000;    0;    0
2016-07-14 23:39:00;0.0000;211.2800;    0;    0;    0;    0;    0;    0;    0;16.5100;0.0000;    0;    0
2016-07-14 23:40:00;0.0000;211.2800;    0;    0;    0;    0;    0;    0;    0;16.5100;0.0000;    0;    0
2016-07-14 23:41:00;0.0000;211.2800;    0;    0;    0;    0;    0;    0;    0;16.4200;0.0000;    0;    0
2016-07-14 23:42:00;0.0000;211.2800;    0;    0;    0;    0;    0;    0;    0;16.4200;0.0000;    0;    0
2016-07-14 23:43:00;0.0000;211.2800;    0;    0;    0;    0;    0;    0;    0;16.4200;0.0000;    0;    0
2016-07-14 23:44:00;0.0000;211.2800;    0;    0;    0;    0;    0;    0;    0;16.4200;0.0000;    0;    0
2016-07-14 23:45:00;0.0000;211.2800;    0;    0;    0;    0;    0;    0;    0;16.5100;0.0000;    0;    0
2016-07-14 23:46:00;0.0000;211.2800;    0;    0;    0;    0;    0;    0;    0;16.4200;0.0000;    0;    0
2016-07-14 23:47:00;0.0000;211.2800;    0;    0;    0;    0;    0;    0;    0;16.3400;0.0000;    0;    0
2016-07-14 23:48:00;0.0000;211.2800;    0;    0;    0;    0;    0;    0;    0;16.3400;0.0000;    0;    0
2016-07-14 23:49:00;0.0000;211.2800;    0;    0;    0;    0;    0;    0;    0;16.2600;0.0000;    0;    0
2016-07-14 23:50:00;0.0000;211.2800;    0;    0;    0;    0;    0;    0;    0;16.2600;0.0000;    0;    0
2016-07-14 23:51:00;0.0000;211.2800;    0;    0;    0;    0;    0;    0;    0;16.1800;0.0000;    0;    0
2016-07-14 23:52:00;0.0000;211.2800;    0;    0;    0;    0;    0;    0;    0;16.1800;0.0000;    0;    0
2016-07-14 23:53:00;0.0000;211.2800;    0;    0;    0;    0;    0;    0;    0;16.3400;0.0000;    0;    0
2016-07-14 23:54:00;0.0000;211.2800;    0;    0;    0;    0;    0;    0;    0;16.3400;0.0000;    0;    0
2016-07-14 23:55:00;0.0000;211.2800;    0;    0;    0;    0;    0;    0;    0;16.2600;0.0000;    0;    0
2016-07-14 23:56:00;0.0000;211.2800;    0;    0;    0;    0;    0;    0;    0;16.2600;0.0000;    0;    0
2016-07-14 23:57:00;0.0000;211.2800;    0;    0;    0;    0;    0;    0;    0;16.4200;0.0000;    0;    0
2016-07-14 23:58:00;0.0000;211.2800;    0;    0;    0;    0;    0;    0;    0;16.4200;0.0000;    0;    0
2016-07-14 23:59:00;0.0000;211.2800;    0;    0;    0;    0;    0;    0;    0;16.5100;0.0000;    0;    0
