WARNING: TIME INFORMATION IS LOCALTIME  ;;;;;;;;;;;;;;;;;;;;;;;;;;;;;;;;;;;;;;;;;;;;;;;
;R2S-UMB ID1 precipitation diff. [mm] Act;R2S-UMB ID1 precipitation absol. [mm] Act;R2S-UMB ID1 precipitation type [] Act;R2S-UMB ID1 sum of drizzle-drops [events] Act;R2S-UMB ID1 sum of rain-drops [events] Act;R2S-UMB ID1 sum of hail [events] Act;R2S-UMB ID1 drizzle flag [] Act;R2S-UMB ID1 rain flag [] Act;R2S-UMB ID1 snow flag [] Act;R2S-UMB ID1 ambient temperature [°C] Act;R2S-UMB ID1 precipitat.intensity [in/h] Act;R2S-UMB ID1 sum of hail [] Act;R2S-UMB ID1 sum of rain-drops [] Act
2017-01-21;0.0200;165.0100;   60;   14;   27;    2;    1;    1;    0;20.3300;0.0236;    1;    9
2017-01-21 00:01:00;0.0300;165.0400;   60;   18;   31;    0;    1;    1;    0;20.3300;0.0945;    0;   13
2017-01-21 00:02:00;0.0500;165.0900;   60;   18;   34;    0;    1;    1;    0;20.3300;0.0945;    0;    1
2017-01-21 00:03:00;0.0100;165.1000;   60;   14;   26;    0;    1;    1;    0;20.4200;0.0472;    0;   14
2017-01-21 00:04:00;0.0300;165.1300;   60;   19;   22;    0;    1;    1;    0;20.3300;0.0472;    0;    8
2017-01-21 00:05:00;0.0600;165.1900;   60;   27;   36;    0;    1;    1;    0;20.3300;0.1417;    1;    9
2017-01-21 00:06:00;0.0700;165.2600;   60;   51;   43;    2;    1;    1;    0;20.2500;0.1181;    0;    4
2017-01-21 00:07:00;0.1000;165.3600;   60;   18;   56;    2;    0;    1;    0;20.2500;0.1890;    0;    1
2017-01-21 00:08:00;0.0300;165.3900;   60;   24;   36;    1;    1;    1;    0;20.2500;0.0945;    0;    6
2017-01-21 00:09:00;0.1000;165.4900;   60;   20;   38;    0;    1;    1;    0;20.3300;0.1654;    0;    1
2017-01-21 00:10:00;0.1000;165.5900;   60;   33;   51;    2;    1;    1;    0;20.3300;0.3071;    0;    9
2017-01-21 00:11:00;0.0800;165.6700;   60;   33;   51;    1;    1;    1;    0;20.1600;0.1654;    0;    4
2017-01-21 00:12:00;0.0700;165.7400;   60;   26;   51;    1;    1;    1;    0;20.1600;0.1417;    0;    8
2017-01-21 00:13:00;0.0800;165.8200;   60;   38;   49;    1;    1;    1;    0;20.2500;0.1890;    1;   21
2017-01-21 00:14:00;0.0300;165.8500;   60;    6;   23;    1;    0;    1;    0;20.2500;0.0472;    0;    1
2017-01-21 00:15:00;0.0800;165.9300;   60;   38;   33;    1;    1;    1;    0;20.2500;0.0945;    0;    0
2017-01-21 00:16:00;0.2800;166.2100;   60;   28;   42;    2;    1;    1;    0;20.1600;0.5197;    1;   12
2017-01-21 00:17:00;0.1400;166.3500;   60;   45;   58;    1;    1;    1;    0;20.1600;0.4961;    0;    2
2017-01-21 00:18:00;0.1300;166.4800;   60;   51;   55;    1;    1;    1;    0;20.1600;0.2598;    0;    3
2017-01-21 00:19:00;0.1100;166.5900;   60;   45;   42;    2;    1;    1;    0;20.1600;0.2598;    0;    5
2017-01-21 00:20:00;0.0800;166.6700;   60;   27;   32;    0;    1;    1;    0;20.0700;0.1417;    0;    2
2017-01-21 00:21:00;0.1300;166.8000;   60;   39;   50;    0;    1;    1;    0;20.0700;0.2598;    0;    0
2017-01-21 00:22:00;0.1300;166.9300;   60;   28;   74;    2;    0;    1;    0;20.0700;0.3543;    0;    9
2017-01-21 00:23:00;0.0400;166.9700;   60;    6;   50;    0;    0;    1;    0;20.0700;0.0945;    0;   12
2017-01-21 00:24:00;0.0100;166.9800;   60;    0;   28;    0;    0;    1;    0;20.1600;0.0472;    0;   17
2017-01-21 00:25:00;0.0100;166.9900;   60;    0;   11;    0;    0;    0;    0;20.1600;0.0236;    0;   13
2017-01-21 00:26:00;0.0000;166.9900;   60;    0;   15;    0;    0;    1;    0;20.1600;0.0000;    0;   27
2017-01-21 00:27:00;0.0000;166.9900;    0;    0;    7;    0;    0;    0;    0;20.1600;0.0000;    0;   32
2017-01-21 00:28:00;0.0000;166.9900;    0;    0;    0;    0;    0;    0;    0;20.1600;0.0000;    0;   34
2017-01-21 00:29:00;0.0100;167.0000;   60;   16;    0;    0;    1;    0;    0;20.1600;0.0000;    0;    1
2017-01-21 00:30:00;0.0000;167.0000;   60;    2;    0;    0;    0;    0;    0;20.1600;0.0236;    0;    1
2017-01-21 00:31:00;0.0000;167.0000;    0;    0;    0;    0;    0;    0;    0;20.1600;0.0000;    0;    2
2017-01-21 00:32:00;0.0000;167.0000;    0;    0;    0;    0;    0;    0;    0;20.1600;0.0000;    0;    1
2017-01-21 00:33:00;0.0000;167.0000;    0;    0;    0;    0;    0;    0;    0;20.1600;0.0000;    0;    0
2017-01-21 00:34:00;0.0000;167.0000;    0;    0;    0;    0;    0;    0;    0;20.1600;0.0000;    0;    0
2017-01-21 00:35:00;0.0000;167.0000;    0;    0;    0;    0;    0;    0;    0;20.1600;0.0000;    0;    0
2017-01-21 00:36:00;0.0000;167.0000;    0;    0;    0;    0;    0;    0;    0;20.2500;0.0000;    0;    0
2017-01-21 00:37:00;0.0000;167.0000;    0;    0;    0;    0;    0;    0;    0;20.2500;0.0000;    0;    0
2017-01-21 00:38:00;0.0000;167.0000;    0;    0;    0;    0;    0;    0;    0;20.2500;0.0000;    0;    0
2017-01-21 00:39:00;0.0000;167.0000;    0;    0;    0;    0;    0;    0;    0;20.2500;0.0000;    0;    2
2017-01-21 00:40:00;0.0000;167.0000;    0;    0;    0;    0;    0;    0;    0;20.2500;0.0000;    0;    2
2017-01-21 00:41:00;0.0000;167.0000;    0;    0;    0;    0;    0;    0;    0;20.1600;0.0000;    0;    1
2017-01-21 00:42:00;0.0000;167.0000;    0;    0;    0;    0;    0;    0;    0;20.1600;0.0000;    0;    0
2017-01-21 00:43:00;0.0000;167.0000;    0;    0;    0;    0;    0;    0;    0;20.1600;0.0000;    0;    0
2017-01-21 00:44:00;0.0000;167.0000;    0;    0;    0;    0;    0;    0;    0;20.1600;0.0000;    0;    0
2017-01-21 00:45:00;0.0000;167.0000;    0;    0;    0;    0;    0;    0;    0;20.1600;0.0000;    0;    0
2017-01-21 00:46:00;0.0000;167.0000;    0;    0;    0;    0;    0;    0;    0;20.1600;0.0000;    0;    0
2017-01-21 00:47:00;0.0000;167.0000;    0;    0;    0;    0;    0;    0;    0;20.1600;0.0000;    0;    0
2017-01-21 00:48:00;0.0000;167.0000;    0;    0;    0;    0;    0;    0;    0;20.1600;0.0000;    0;    0
2017-01-21 00:49:00;0.0000;167.0000;    0;    0;    0;    0;    0;    0;    0;20.1600;0.0000;    0;    0
2017-01-21 00:50:00;0.0000;167.0000;    0;    0;    0;    0;    0;    0;    0;20.1600;0.0000;    0;    0
2017-01-21 00:51:00;0.0000;167.0000;    0;    0;    0;    0;    0;    0;    0;20.1600;0.0000;    0;    0
2017-01-21 00:52:00;0.0000;167.0000;    0;    0;    0;    0;    0;    0;    0;20.1600;0.0000;    0;    0
2017-01-21 00:53:00;0.0000;167.0000;    0;    0;    0;    0;    0;    0;    0;20.1600;0.0000;    0;    0
2017-01-21 00:54:00;0.0000;167.0000;    0;    0;    0;    0;    0;    0;    0;20.1600;0.0000;    0;    0
2017-01-21 00:55:00;0.0000;167.0000;    0;    0;    0;    0;    0;    0;    0;20.1600;0.0000;    0;    0
2017-01-21 00:56:00;0.0000;167.0000;    0;    0;    0;    0;    0;    0;    0;20.1600;0.0000;    0;    0
2017-01-21 00:57:00;0.0000;167.0000;    0;    0;    0;    0;    0;    0;    0;20.0700;0.0000;    0;    0
2017-01-21 00:58:00;0.0000;167.0000;    0;    0;    0;    0;    0;    0;    0;20.1600;0.0000;    0;    0
2017-01-21 00:59:00;0.0000;167.0000;    0;    0;    0;    0;    0;    0;    0;20.0700;0.0000;    0;    0
2017-01-21 01:00:00;0.0000;167.0000;    0;    0;    0;    0;    0;    0;    0;20.0700;0.0000;    0;    0
2017-01-21 01:01:00;0.0000;167.0000;    0;    0;    0;    0;    0;    0;    0;20.1600;0.0000;    0;    0
2017-01-21 01:02:00;0.0000;167.0000;    0;    0;    0;    0;    0;    0;    0;20.1600;0.0000;    0;    0
2017-01-21 01:03:00;0.0000;167.0000;    0;    0;    0;    0;    0;    0;    0;20.1600;0.0000;    0;    0
2017-01-21 01:04:00;0.0000;167.0000;    0;    0;    0;    0;    0;    0;    0;20.1600;0.0000;    0;    0
2017-01-21 01:05:00;0.0000;167.0000;    0;    0;    0;    0;    0;    0;    0;20.1600;0.0000;    0;    0
2017-01-21 01:06:00;0.0000;167.0000;    0;    0;    0;    0;    0;    0;    0;20.1600;0.0000;    0;    1
2017-01-21 01:07:00;0.0000;167.0000;    0;    7;    0;    0;    0;    0;    0;20.1600;0.0000;    0;   12
2017-01-21 01:08:00;0.0000;167.0000;    0;   16;    0;    0;    1;    0;    0;20.1600;0.0000;    0;   27
2017-01-21 01:09:00;0.0100;167.0100;   60;   33;    7;    0;    1;    0;    0;20.1600;0.0000;    0;    5
2017-01-21 01:10:00;0.0000;167.0100;   60;   13;    0;    0;    0;    0;    0;20.2500;0.0236;    0;   17
2017-01-21 01:11:00;0.0000;167.0100;    0;    0;    0;    0;    0;    0;    0;20.1600;0.0000;    0;   21
2017-01-21 01:12:00;0.0000;167.0100;    0;   14;   26;    0;    1;    1;    0;20.1600;0.0000;    0;   56
2017-01-21 01:13:00;0.0100;167.0200;   60;   15;    7;    0;    1;    1;    0;20.1600;0.0236;    0;    7
2017-01-21 01:14:00;0.0000;167.0200;   60;    5;    0;    0;    0;    0;    0;20.1600;0.0000;    0;   16
2017-01-21 01:15:00;0.0000;167.0200;    0;    0;    0;    0;    0;    0;    0;20.0700;0.0000;    0;   19
2017-01-21 01:16:00;0.0000;167.0200;    0;    9;    0;    0;    0;    0;    0;20.1600;0.0000;    0;   25
2017-01-21 01:17:00;0.0000;167.0200;    0;    0;    0;    0;    0;    0;    0;20.1600;0.0000;    0;   25
2017-01-21 01:18:00;0.0000;167.0200;    0;    0;    0;    0;    0;    0;    0;20.1600;0.0000;    0;   24
2017-01-21 01:19:00;0.0000;167.0200;    0;    0;    0;    0;    0;    0;    0;20.1600;0.0000;    0;   23
2017-01-21 01:20:00;0.0000;167.0200;    0;    0;    0;    0;    0;    0;    0;20.1600;0.0000;    0;   22
2017-01-21 01:21:00;0.0000;167.0200;    0;    0;    0;    0;    0;    0;    0;20.1600;0.0000;    0;   21
2017-01-21 01:22:00;0.0000;167.0200;    0;    0;    0;    0;    0;    0;    0;20.1600;0.0000;    0;   20
2017-01-21 01:23:00;0.0000;167.0200;    0;    0;    0;    0;    0;    0;    0;20.1600;0.0000;    0;   20
2017-01-21 01:24:00;0.0000;167.0200;    0;    0;    0;    0;    0;    0;    0;20.1600;0.0000;    0;   22
2017-01-21 01:25:00;0.0000;167.0200;    0;    0;    0;    0;    0;    0;    0;20.1600;0.0000;    0;   21
2017-01-21 01:26:00;0.0000;167.0200;    0;    0;    6;    0;    0;    0;    0;20.1600;0.0000;    0;   28
2017-01-21 01:27:00;0.0000;167.0200;    0;    0;    0;    0;    0;    0;    0;20.1600;0.0000;    0;   33
2017-01-21 01:28:00;0.0400;167.0600;   60;   21;   24;    0;    1;    1;    0;20.2500;0.0472;    0;    4
2017-01-21 01:29:00;0.0500;167.1100;   60;   52;  101;    0;    1;    1;    0;20.3300;0.1181;    0;   27
2017-01-21 01:30:00;0.0500;167.1600;   60;   66;  113;    0;    1;    1;    0;20.2500;0.0945;    0;    4
2017-01-21 01:31:00;0.0200;167.1800;   60;   73;   69;    0;    1;    1;    0;20.3300;0.0472;    0;   24
2017-01-21 01:32:00;0.0100;167.1900;   60;   44;   44;    0;    1;    1;    0;20.3300;0.0472;    0;   30
2017-01-21 01:33:00;0.0100;167.2000;   60;   33;   29;    0;    1;    1;    0;20.3300;0.0236;    0;   20
2017-01-21 01:34:00;0.0100;167.2100;   60;   20;   41;    0;    1;    1;    0;20.3300;0.0236;    0;   35
2017-01-21 01:35:00;0.0100;167.2200;   60;   16;   22;    0;    1;    1;    0;20.2500;0.0236;    0;   36
2017-01-21 01:36:00;0.0100;167.2300;   60;   12;   35;    0;    0;    1;    0;20.2500;0.0236;    0;   36
2017-01-21 01:37:00;0.0100;167.2400;   60;   25;   10;    0;    1;    0;    0;20.2500;0.0000;    0;    2
2017-01-21 01:38:00;0.0000;167.2400;   60;    8;    0;    0;    0;    0;    0;20.1600;0.0236;    0;   10
2017-01-21 01:39:00;0.0000;167.2400;    0;    0;   11;    0;    0;    1;    0;20.0700;0.0000;    0;   27
2017-01-21 01:40:00;0.0200;167.2600;   60;   16;   33;    0;    1;    1;    0;20.0700;0.0236;    0;    0
2017-01-21 01:41:00;0.0100;167.2700;   60;   52;   40;    0;    1;    1;    0;20.0700;0.0472;    0;   24
2017-01-21 01:42:00;0.0400;167.3100;   60;   54;   65;    0;    1;    1;    0;20.0700;0.0709;    0;    2
2017-01-21 01:43:00;0.0500;167.3600;   60;   64;   98;    0;    1;    1;    0;20.0700;0.0945;    0;    5
2017-01-21 01:44:00;0.0500;167.4100;   60;   73;  112;    0;    1;    1;    0;20.0700;0.0945;    0;   17
2017-01-21 01:45:00;0.0600;167.4700;   60;   55;  121;    0;    1;    1;    0;20.0700;0.1181;    0;    9
2017-01-21 01:46:00;0.0500;167.5200;   60;   50;  152;    0;    0;    1;    0;20.0700;0.0945;    1;    7
2017-01-21 01:47:00;0.0500;167.5700;   60;   54;  139;    0;    0;    1;    0;20.0700;0.1181;    0;   26
2017-01-21 01:48:00;0.0400;167.6100;   60;   39;  115;    0;    0;    1;    0;20.0700;0.0945;    0;   37
2017-01-21 01:49:00;0.0200;167.6300;   60;   25;   30;    0;    1;    1;    0;20.0700;0.0236;    0;    0
2017-01-21 01:50:00;0.0000;167.6300;   60;    3;   12;    0;    0;    1;    0;20.0700;0.0236;    0;   18
2017-01-21 01:51:00;0.0000;167.6300;   60;   15;    6;    0;    0;    0;    0;20.0700;0.0000;    0;   35
2017-01-21 01:52:00;0.0100;167.6400;   60;    0;   28;    0;    0;    1;    0;20.1600;0.0236;    0;   23
2017-01-21 01:53:00;0.0100;167.6500;   60;    0;   18;    0;    0;    1;    0;20.0700;0.0236;    0;   10
2017-01-21 01:54:00;0.0000;167.6500;   60;    0;    5;    0;    0;    0;    0;20.1600;0.0000;    0;   13
2017-01-21 01:55:00;0.0100;167.6600;   60;    0;    0;    0;    0;    0;    0;20.0700;0.0000;    0;    8
2017-01-21 01:56:00;0.0500;167.7100;   60;   49;   38;    0;    1;    1;    0;20.0700;0.1181;    0;   25
2017-01-21 01:57:00;0.0500;167.7600;   60;   48;   65;    0;    1;    1;    0;20.1600;0.0945;    0;   31
2017-01-21 01:58:00;0.1300;167.8900;   60;   40;   97;    2;    1;    1;    0;20.1600;0.2598;    0;   16
2017-01-21 01:59:00;0.1200;168.0100;   60;   34;   98;    1;    1;    1;    0;20.2500;0.2362;    0;   10
2017-01-21 02:00:00;0.0500;168.0600;   60;   35;   68;    1;    0;    1;    0;20.2500;0.1181;    0;   11
2017-01-21 02:01:00;0.0500;168.1100;   60;   34;   54;    1;    1;    1;    0;20.2500;0.0945;    0;    5
2017-01-21 02:02:00;0.0400;168.1500;   60;   28;   47;    2;    1;    1;    0;20.2500;0.0945;    0;    1
2017-01-21 02:03:00;0.0500;168.2000;   60;   19;   59;    1;    0;    1;    0;20.2500;0.0945;    0;    4
2017-01-21 02:04:00;0.0300;168.2300;   60;   26;   56;    2;    0;    1;    0;20.3300;0.0945;    0;   14
2017-01-21 02:05:00;0.0300;168.2600;   60;   15;   54;    0;    0;    1;    0;20.3300;0.0472;    0;    7
2017-01-21 02:06:00;0.0200;168.2800;   60;    7;   45;    0;    0;    1;    0;20.3300;0.0472;    0;    4
2017-01-21 02:07:00;0.0300;168.3100;   60;   17;   63;    0;    0;    1;    0;20.3300;0.0709;    0;    8
2017-01-21 02:08:00;0.0400;168.3500;   60;   38;   64;    0;    1;    1;    0;20.3300;0.0945;    0;   13
2017-01-21 02:09:00;0.0500;168.4000;   60;   21;   69;    0;    0;    1;    0;20.3300;0.0945;    0;    3
2017-01-21 02:10:00;0.0500;168.4500;   60;   44;   75;    0;    1;    1;    0;20.4200;0.0945;    0;   13
2017-01-21 02:11:00;0.0400;168.4900;   60;   30;   67;    0;    1;    1;    0;20.3300;0.0945;    0;   15
2017-01-21 02:12:00;0.0400;168.5300;   60;   34;   66;    0;    1;    1;    0;20.2500;0.0945;    0;    1
2017-01-21 02:13:00;0.0500;168.5800;   60;   29;   77;    2;    0;    1;    0;20.2500;0.0945;    0;    0
2017-01-21 02:14:00;0.0300;168.6100;   60;   22;   66;    1;    0;    1;    0;20.2500;0.0945;    0;   25
2017-01-21 02:15:00;0.0400;168.6500;   60;   21;   58;    0;    0;    1;    0;20.2500;0.0709;    0;   16
2017-01-21 02:16:00;0.0300;168.6800;   60;   18;   54;    0;    0;    1;    0;20.1600;0.0709;    0;    3
2017-01-21 02:17:00;0.0300;168.7100;   60;   25;   72;    0;    0;    1;    0;20.1600;0.0709;    0;   16
2017-01-21 02:18:00;0.0300;168.7400;   60;   18;   53;    0;    0;    1;    0;20.1600;0.0709;    0;   15
2017-01-21 02:19:00;0.0400;168.7800;   60;   19;   56;    0;    0;    1;    0;20.2500;0.0945;    0;    5
2017-01-21 02:20:00;0.0700;168.8500;   60;   32;   60;    0;    1;    1;    0;20.1600;0.1654;    0;   25
2017-01-21 02:21:00;0.1100;168.9600;   60;   42;   38;    0;    1;    1;    0;20.1600;0.1654;    0;    0
2017-01-21 02:22:00;0.0700;169.0300;   60;   41;   55;    0;    1;    1;    0;20.1600;0.1890;    0;    9
2017-01-21 02:23:00;0.0800;169.1100;   60;   30;   55;    0;    1;    1;    0;20.1600;0.1654;    0;    3
2017-01-21 02:24:00;0.1300;169.2400;   60;   24;   54;    2;    1;    1;    0;20.1600;0.3071;    0;    4
2017-01-21 02:25:00;0.0700;169.3100;   60;   36;   48;    2;    1;    1;    0;20.1600;0.1181;    0;    6
2017-01-21 02:26:00;0.0800;169.3900;   60;   32;   48;    1;    1;    1;    0;20.1600;0.1417;    0;    1
2017-01-21 02:27:00;0.0500;169.4400;   60;   32;   54;    2;    1;    1;    0;20.1600;0.1417;    0;    8
2017-01-21 02:28:00;0.0600;169.5000;   60;   37;   40;    2;    1;    1;    0;20.2500;0.1181;    0;    5
2017-01-21 02:29:00;0.0500;169.5500;   60;   26;   46;    3;    1;    1;    0;20.2500;0.0945;    0;    2
2017-01-21 02:30:00;0.0500;169.6000;   60;   32;   49;    0;    1;    1;    0;20.2500;0.1181;    0;    6
2017-01-21 02:31:00;0.0400;169.6400;   60;   37;   45;    0;    1;    1;    0;20.3300;0.0945;    0;    0
2017-01-21 02:32:00;0.0400;169.6800;   60;   26;   53;    0;    1;    1;    0;20.3300;0.0945;    0;   22
2017-01-21 02:33:00;0.0500;169.7300;   60;   16;   54;    0;    0;    1;    0;20.3300;0.0945;    0;    1
2017-01-21 02:34:00;0.0200;169.7500;   60;   22;   47;    0;    0;    1;    0;20.1600;0.0472;    0;    9
2017-01-21 02:35:00;0.0300;169.7800;   60;   30;   51;    0;    1;    1;    0;20.1600;0.0709;    0;   14
2017-01-21 02:36:00;0.0300;169.8100;   60;   16;   41;    0;    0;    1;    0;20.1600;0.0709;    0;    6
2017-01-21 02:37:00;0.0400;169.8500;   60;   28;   63;    0;    1;    1;    0;20.1600;0.0945;    0;   12
2017-01-21 02:38:00;0.0300;169.8800;   60;   23;   51;    0;    1;    1;    0;20.1600;0.0709;    0;    1
2017-01-21 02:39:00;0.0400;169.9200;   60;   32;   58;    0;    1;    1;    0;20.1600;0.0945;    0;    6
2017-01-21 02:40:00;0.0400;169.9600;   60;   26;   71;    0;    1;    1;    0;20.1600;0.0709;    0;    1
2017-01-21 02:41:00;0.0400;170.0000;   60;   21;   54;    0;    0;    1;    0;20.1600;0.0945;    0;   15
2017-01-21 02:42:00;0.0400;170.0400;   60;   33;   67;    2;    1;    1;    0;20.0700;0.0945;    0;   16
2017-01-21 02:43:00;0.0400;170.0800;   60;   15;   53;    0;    0;    1;    0;20.0700;0.0945;    0;    8
2017-01-21 02:44:00;0.0200;170.1000;   60;    7;   27;    0;    0;    1;    0;20.0700;0.0236;    0;    0
2017-01-21 02:45:00;0.0100;170.1100;   60;   18;   32;    0;    0;    1;    0;20.0700;0.0472;    0;   18
2017-01-21 02:46:00;0.0200;170.1300;   60;    0;   33;    0;    0;    1;    0;20.0700;0.0472;    0;   11
2017-01-21 02:47:00;0.0200;170.1500;   60;    7;   18;    0;    0;    1;    0;20.0700;0.0236;    0;    2
2017-01-21 02:48:00;0.0100;170.1600;   60;    0;   22;    0;    0;    1;    0;20.0700;0.0472;    0;    3
2017-01-21 02:49:00;0.0000;170.1600;   60;    0;   15;    0;    0;    1;    0;20.0700;0.0000;    0;   19
2017-01-21 02:50:00;0.0100;170.1700;   60;    0;   15;    0;    0;    1;    0;20.0700;0.0236;    0;    8
2017-01-21 02:51:00;0.0000;170.1700;   60;   13;    9;    0;    0;    1;    0;20.0700;0.0000;    0;   26
2017-01-21 02:52:00;0.0300;170.2000;   60;    9;   33;    0;    0;    1;    0;20.1600;0.0472;    0;    8
2017-01-21 02:53:00;0.0200;170.2200;   60;   21;   46;    0;    0;    1;    0;20.1600;0.0472;    0;   16
2017-01-21 02:54:00;0.0100;170.2300;   60;   18;   24;    0;    1;    1;    0;20.0700;0.0236;    0;    5
2017-01-21 02:55:00;0.0000;170.2300;   60;    4;   14;    0;    0;    1;    0;20.0700;0.0236;    0;   24
2017-01-21 02:56:00;0.0100;170.2400;   60;    0;   17;    0;    0;    1;    0;20.0700;0.0236;    0;   10
2017-01-21 02:57:00;0.0000;170.2400;   60;    8;   11;    0;    0;    1;    0;20.0700;0.0000;    0;   28
2017-01-21 02:58:00;0.0100;170.2500;   60;    6;   15;    0;    0;    1;    0;20.0700;0.0236;    0;   13
2017-01-21 02:59:00;0.0000;170.2500;   60;    0;    0;    0;    0;    0;    0;20.0700;0.0000;    0;   20
2017-01-21 03:00:00;0.0100;170.2600;   60;    0;    9;    0;    0;    0;    0;20.0700;0.0000;    0;    0
2017-01-21 03:01:00;0.0000;170.2600;   60;    6;    9;    0;    0;    1;    0;20.0700;0.0236;    0;   10
2017-01-21 03:02:00;0.0000;170.2600;    0;    3;    0;    0;    0;    0;    0;19.9900;0.0000;    0;   16
2017-01-21 03:03:00;0.0000;170.2600;    0;    0;    0;    0;    0;    0;    0;19.9900;0.0000;    0;   22
2017-01-21 03:04:00;0.0000;170.2600;    0;    0;    0;    0;    0;    0;    0;20.0700;0.0000;    0;   24
2017-01-21 03:05:00;0.0000;170.2600;    0;    0;    0;    0;    0;    0;    0;20.0700;0.0000;    0;   25
2017-01-21 03:06:00;0.0000;170.2600;    0;    0;    0;    0;    0;    0;    0;19.9900;0.0000;    0;   25
2017-01-21 03:07:00;0.0000;170.2600;    0;    0;    0;    0;    0;    0;    0;20.0700;0.0000;    0;   24
2017-01-21 03:08:00;0.0000;170.2600;    0;    0;    0;    0;    0;    0;    0;20.0700;0.0000;    0;   23
2017-01-21 03:09:00;0.0000;170.2600;    0;    0;    0;    0;    0;    0;    0;20.0700;0.0000;    0;   22
2017-01-21 03:10:00;0.0000;170.2600;    0;    0;    0;    0;    0;    0;    0;20.0700;0.0000;    0;   21
2017-01-21 03:11:00;0.0000;170.2600;    0;    0;    0;    0;    0;    0;    0;19.9900;0.0000;    0;   20
2017-01-21 03:12:00;0.0000;170.2600;    0;    0;    0;    0;    0;    0;    0;19.9900;0.0000;    0;   19
2017-01-21 03:13:00;0.0000;170.2600;    0;    0;    0;    0;    0;    0;    0;19.9900;0.0000;    0;   18
2017-01-21 03:14:00;0.0000;170.2600;    0;    0;    0;    0;    0;    0;    0;19.9900;0.0000;    0;   17
2017-01-21 03:15:00;0.0000;170.2600;    0;    0;    0;    0;    0;    0;    0;19.9900;0.0000;    0;   16
2017-01-21 03:16:00;0.0000;170.2600;    0;    0;    0;    0;    0;    0;    0;20.0700;0.0000;    0;   15
2017-01-21 03:17:00;0.0000;170.2600;    0;    0;    0;    0;    0;    0;    0;20.0700;0.0000;    0;   14
2017-01-21 03:18:00;0.0000;170.2600;    0;    0;    0;    0;    0;    0;    0;19.9900;0.0000;    0;   13
2017-01-21 03:19:00;0.0000;170.2600;    0;    0;    0;    0;    0;    0;    0;20.0700;0.0000;    0;   12
2017-01-21 03:20:00;0.0000;170.2600;    0;    0;    0;    0;    0;    0;    0;20.0700;0.0000;    0;   11
2017-01-21 03:21:00;0.0000;170.2600;    0;    0;    0;    0;    0;    0;    0;20.0700;0.0000;    0;   10
2017-01-21 03:22:00;0.0000;170.2600;    0;    0;    0;    0;    0;    0;    0;20.0700;0.0000;    0;    9
2017-01-21 03:23:00;0.0000;170.2600;    0;    0;    0;    0;    0;    0;    0;20.1600;0.0000;    0;    8
2017-01-21 03:24:00;0.0000;170.2600;    0;    0;    0;    0;    0;    0;    0;20.1600;0.0000;    0;    7
2017-01-21 03:25:00;0.0000;170.2600;    0;    0;    0;    0;    0;    0;    0;20.0700;0.0000;    0;    6
2017-01-21 03:26:00;0.0000;170.2600;    0;    0;    0;    0;    0;    0;    0;20.0700;0.0000;    0;    5
2017-01-21 03:27:00;0.0000;170.2600;    0;    0;    0;    0;    0;    0;    0;20.0700;0.0000;    0;    4
2017-01-21 03:28:00;0.0000;170.2600;    0;    0;    0;    0;    0;    0;    0;19.9900;0.0000;    0;    3
2017-01-21 03:29:00;0.0000;170.2600;    0;    0;    0;    0;    0;    0;    0;19.9900;0.0000;    0;    2
2017-01-21 03:30:00;0.0000;170.2600;    0;    0;    0;    0;    0;    0;    0;19.9900;0.0000;    0;    1
2017-01-21 03:31:00;0.0000;170.2600;    0;    0;    0;    0;    0;    0;    0;19.9900;0.0000;    0;    0
2017-01-21 03:32:00;0.0000;170.2600;    0;    0;    0;    0;    0;    0;    0;19.9900;0.0000;    0;    0
2017-01-21 03:33:00;0.0000;170.2600;    0;    0;    0;    0;    0;    0;    0;19.9900;0.0000;    0;    0
2017-01-21 03:34:00;0.0000;170.2600;    0;    0;    0;    0;    0;    0;    0;20.0700;0.0000;    0;    0
2017-01-21 03:35:00;0.0000;170.2600;    0;    0;    0;    0;    0;    0;    0;19.9900;0.0000;    0;    0
2017-01-21 03:36:00;0.0000;170.2600;    0;    0;    0;    0;    0;    0;    0;19.9900;0.0000;    0;    3
2017-01-21 03:37:00;0.0000;170.2600;    0;    0;    0;    0;    0;    0;    0;19.9900;0.0000;    0;    8
2017-01-21 03:38:00;0.0000;170.2600;    0;    0;    0;    0;    0;    0;    0;19.9000;0.0000;    0;   14
2017-01-21 03:39:00;0.0000;170.2600;    0;    0;    0;    0;    0;    0;    0;19.9000;0.0000;    0;   21
2017-01-21 03:40:00;0.0000;170.2600;    0;   10;    0;    0;    1;    0;    0;19.8200;0.0000;    0;   25
2017-01-21 03:41:00;0.0000;170.2600;    0;    0;    0;    0;    0;    0;    0;19.9000;0.0000;    0;   27
2017-01-21 03:42:00;0.0000;170.2600;    0;    0;    0;    0;    0;    0;    0;19.9000;0.0000;    0;   28
2017-01-21 03:43:00;0.0000;170.2600;    0;    0;    0;    0;    0;    0;    0;19.9000;0.0000;    0;   27
2017-01-21 03:44:00;0.0000;170.2600;    0;    0;    0;    0;    0;    0;    0;19.9000;0.0000;    0;   26
2017-01-21 03:45:00;0.0000;170.2600;    0;    0;    0;    0;    0;    0;    0;19.9000;0.0000;    0;   25
2017-01-21 03:46:00;0.0000;170.2600;    0;    0;    0;    0;    0;    0;    0;19.9000;0.0000;    0;   24
2017-01-21 03:47:00;0.0000;170.2600;    0;    0;    0;    0;    0;    0;    0;19.9900;0.0000;    0;   23
2017-01-21 03:48:00;0.0000;170.2600;    0;    0;    0;    0;    0;    0;    0;19.9900;0.0000;    0;   22
2017-01-21 03:49:00;0.0000;170.2600;    0;    0;    0;    0;    0;    0;    0;19.9900;0.0000;    0;   21
2017-01-21 03:50:00;0.0000;170.2600;    0;    0;    0;    0;    0;    0;    0;19.9000;0.0000;    0;   21
2017-01-21 03:51:00;0.0000;170.2600;    0;    0;    0;    0;    0;    0;    0;19.9900;0.0000;    0;   20
2017-01-21 03:52:00;0.0000;170.2600;    0;    0;    0;    0;    0;    0;    0;19.9900;0.0000;    0;   19
2017-01-21 03:53:00;0.0000;170.2600;    0;    0;    0;    0;    0;    0;    0;19.9900;0.0000;    0;   18
2017-01-21 03:54:00;0.0000;170.2600;    0;    0;    0;    0;    0;    0;    0;19.9900;0.0000;    0;   17
2017-01-21 03:55:00;0.0000;170.2600;    0;    0;    0;    0;    0;    0;    0;19.9900;0.0000;    0;   16
2017-01-21 03:56:00;0.0000;170.2600;    0;    0;    0;    0;    0;    0;    0;19.9000;0.0000;    0;   15
2017-01-21 03:57:00;0.0000;170.2600;    0;    0;    0;    0;    0;    0;    0;19.9000;0.0000;    0;   14
2017-01-21 03:58:00;0.0000;170.2600;    0;    0;    0;    0;    0;    0;    0;19.9000;0.0000;    0;   13
2017-01-21 03:59:00;0.0000;170.2600;    0;    0;    0;    0;    0;    0;    0;19.8200;0.0000;    0;   12
2017-01-21 04:00:00;0.0000;170.2600;    0;    0;    0;    0;    0;    0;    0;19.8200;0.0000;    0;   11
2017-01-21 04:01:00;0.0000;170.2600;    0;    0;    0;    0;    0;    0;    0;19.7400;0.0000;    0;   10
2017-01-21 04:02:00;0.0000;170.2600;    0;    0;    0;    0;    0;    0;    0;19.7400;0.0000;    0;    9
2017-01-21 04:03:00;0.0000;170.2600;    0;    0;    0;    0;    0;    0;    0;19.7400;0.0000;    0;    8
2017-01-21 04:04:00;0.0000;170.2600;    0;    0;    0;    0;    0;    0;    0;19.7400;0.0000;    0;    7
2017-01-21 04:05:00;0.0000;170.2600;    0;    0;    0;    0;    0;    0;    0;19.7400;0.0000;    0;    6
2017-01-21 04:06:00;0.0000;170.2600;    0;    0;    0;    0;    0;    0;    0;19.7400;0.0000;    0;    5
2017-01-21 04:07:00;0.0000;170.2600;    0;    0;    0;    0;    0;    0;    0;19.7400;0.0000;    0;    4
2017-01-21 04:08:00;0.0000;170.2600;    0;    0;    0;    0;    0;    0;    0;19.7400;0.0000;    0;    3
2017-01-21 04:09:00;0.0000;170.2600;    0;    0;    0;    0;    0;    0;    0;19.7400;0.0000;    0;    2
2017-01-21 04:10:00;0.0000;170.2600;    0;    0;    0;    0;    0;    0;    0;19.7400;0.0000;    0;    1
2017-01-21 04:11:00;0.0000;170.2600;    0;    0;    0;    0;    0;    0;    0;19.7400;0.0000;    0;    0
2017-01-21 04:12:00;0.0000;170.2600;    0;    0;    0;    0;    0;    0;    0;19.7400;0.0000;    0;    0
2017-01-21 04:13:00;0.0000;170.2600;    0;    0;    0;    0;    0;    0;    0;19.7400;0.0000;    0;    0
2017-01-21 04:14:00;0.0000;170.2600;    0;    0;    0;    0;    0;    0;    0;19.7400;0.0000;    0;    0
2017-01-21 04:15:00;0.0000;170.2600;    0;    0;    0;    0;    0;    0;    0;19.8200;0.0000;    0;    0
2017-01-21 04:16:00;0.0000;170.2600;    0;    0;    0;    0;    0;    0;    0;19.8200;0.0000;    0;    0
2017-01-21 04:17:00;0.0000;170.2600;    0;    0;    0;    0;    0;    0;    0;19.8200;0.0000;    0;    0
2017-01-21 04:18:00;0.0000;170.2600;    0;    0;    0;    0;    0;    0;    0;19.8200;0.0000;    0;    0
2017-01-21 04:19:00;0.0000;170.2600;    0;    0;    0;    0;    0;    0;    0;19.8200;0.0000;    0;    0
2017-01-21 04:20:00;0.0000;170.2600;    0;    0;    0;    0;    0;    0;    0;19.8200;0.0000;    0;    0
2017-01-21 04:21:00;0.0000;170.2600;    0;    0;    0;    0;    0;    0;    0;19.8200;0.0000;    0;    0
2017-01-21 04:22:00;0.0000;170.2600;    0;    0;    0;    0;    0;    0;    0;19.8200;0.0000;    0;    0
2017-01-21 04:23:00;0.0000;170.2600;    0;    0;    0;    0;    0;    0;    0;19.8200;0.0000;    0;    0
2017-01-21 04:24:00;0.0000;170.2600;    0;    0;    0;    0;    0;    0;    0;19.8200;0.0000;    0;    0
2017-01-21 04:25:00;0.0000;170.2600;    0;    0;    0;    0;    0;    0;    0;19.8200;0.0000;    0;    0
2017-01-21 04:26:00;0.0000;170.2600;    0;    0;    0;    0;    0;    0;    0;19.8200;0.0000;    0;    0
2017-01-21 04:27:00;0.0000;170.2600;    0;    0;    0;    0;    0;    0;    0;19.7400;0.0000;    0;    0
2017-01-21 04:28:00;0.0000;170.2600;    0;    0;    0;    0;    0;    0;    0;19.7400;0.0000;    0;    0
2017-01-21 04:29:00;0.0000;170.2600;    0;    0;    0;    0;    0;    0;    0;19.7400;0.0000;    0;    0
2017-01-21 04:30:00;0.0000;170.2600;    0;    0;    0;    0;    0;    0;    0;19.6500;0.0000;    0;    0
2017-01-21 04:31:00;0.0000;170.2600;    0;    0;    0;    0;    0;    0;    0;19.6500;0.0000;    0;    0
2017-01-21 04:32:00;0.0000;170.2600;    0;    0;    0;    0;    0;    0;    0;19.6500;0.0000;    0;    0
2017-01-21 04:33:00;0.0000;170.2600;    0;    0;    0;    0;    0;    0;    0;19.6500;0.0000;    0;    0
2017-01-21 04:34:00;0.0000;170.2600;    0;    0;    0;    0;    0;    0;    0;19.6500;0.0000;    0;    0
2017-01-21 04:35:00;0.0000;170.2600;    0;    0;    0;    0;    0;    0;    0;19.5700;0.0000;    0;    0
2017-01-21 04:36:00;0.0000;170.2600;    0;    0;    0;    0;    0;    0;    0;19.6500;0.0000;    0;    0
2017-01-21 04:37:00;0.0000;170.2600;    0;    0;    0;    0;    0;    0;    0;19.6500;0.0000;    0;    0
2017-01-21 04:38:00;0.0000;170.2600;    0;    0;    0;    0;    0;    0;    0;19.5700;0.0000;    0;    0
2017-01-21 04:39:00;0.0000;170.2600;    0;    0;    0;    0;    0;    0;    0;19.6500;0.0000;    0;    0
2017-01-21 04:40:00;0.0000;170.2600;    0;    0;    0;    0;    0;    0;    0;19.6500;0.0000;    0;    0
2017-01-21 04:41:00;0.0000;170.2600;    0;    0;    0;    0;    0;    0;    0;19.6500;0.0000;    0;    0
2017-01-21 04:42:00;0.0000;170.2600;    0;    0;    0;    0;    0;    0;    0;19.6500;0.0000;    0;    0
2017-01-21 04:43:00;0.0000;170.2600;    0;    0;    0;    0;    0;    0;    0;19.6500;0.0000;    0;    0
2017-01-21 04:44:00;0.0000;170.2600;    0;    0;    0;    0;    0;    0;    0;19.6500;0.0000;    0;    0
2017-01-21 04:45:00;0.0000;170.2600;    0;    0;    0;    0;    0;    0;    0;19.7400;0.0000;    0;    0
2017-01-21 04:46:00;0.0000;170.2600;    0;    0;    0;    0;    0;    0;    0;19.7400;0.0000;    0;    0
2017-01-21 04:47:00;0.0000;170.2600;    0;    0;    0;    0;    0;    0;    0;19.6500;0.0000;    0;    0
2017-01-21 04:48:00;0.0000;170.2600;    0;    0;    0;    0;    0;    0;    0;19.6500;0.0000;    0;    0
2017-01-21 04:49:00;0.0000;170.2600;    0;    0;    0;    0;    0;    0;    0;19.6500;0.0000;    0;    0
2017-01-21 04:50:00;0.0000;170.2600;    0;    0;    0;    0;    0;    0;    0;19.6500;0.0000;    0;    0
2017-01-21 04:51:00;0.0000;170.2600;    0;    0;    0;    0;    0;    0;    0;19.6500;0.0000;    0;    0
2017-01-21 04:52:00;0.0000;170.2600;    0;    0;    0;    0;    0;    0;    0;19.6500;0.0000;    0;    0
2017-01-21 04:53:00;0.0000;170.2600;    0;    0;    0;    0;    0;    0;    0;19.6500;0.0000;    0;    0
2017-01-21 04:54:00;0.0000;170.2600;    0;    0;    0;    0;    0;    0;    0;19.6500;0.0000;    0;    0
2017-01-21 04:55:00;0.0000;170.2600;    0;    0;    0;    0;    0;    0;    0;19.6500;0.0000;    0;    0
2017-01-21 04:56:00;0.0000;170.2600;    0;    0;    0;    0;    0;    0;    0;19.6500;0.0000;    0;    0
2017-01-21 04:57:00;0.0000;170.2600;    0;    0;    0;    0;    0;    0;    0;19.6500;0.0000;    0;    0
2017-01-21 04:58:00;0.0000;170.2600;    0;    0;    0;    0;    0;    0;    0;19.6500;0.0000;    0;    0
2017-01-21 04:59:00;0.0000;170.2600;    0;    0;    0;    0;    0;    0;    0;19.6500;0.0000;    0;    0
2017-01-21 05:00:00;0.0000;170.2600;    0;    0;    0;    0;    0;    0;    0;19.6500;0.0000;    0;    0
2017-01-21 05:01:00;0.0000;170.2600;    0;    0;    0;    0;    0;    0;    0;19.6500;0.0000;    0;    0
2017-01-21 05:02:00;0.0000;170.2600;    0;    0;    0;    0;    0;    0;    0;19.6500;0.0000;    0;    0
2017-01-21 05:03:00;0.0000;170.2600;    0;    0;    0;    0;    0;    0;    0;19.7400;0.0000;    0;    0
2017-01-21 05:04:00;0.0000;170.2600;    0;    0;    0;    0;    0;    0;    0;19.7400;0.0000;    0;    0
2017-01-21 05:05:00;0.0000;170.2600;    0;    0;    0;    0;    0;    0;    0;19.6500;0.0000;    0;    0
2017-01-21 05:06:00;0.0000;170.2600;    0;    0;    0;    0;    0;    0;    0;19.6500;0.0000;    0;    0
2017-01-21 05:07:00;0.0000;170.2600;    0;    0;    0;    0;    0;    0;    0;19.6500;0.0000;    0;    0
2017-01-21 05:08:00;0.0000;170.2600;    0;    0;    0;    0;    0;    0;    0;19.6500;0.0000;    0;    0
2017-01-21 05:09:00;0.0000;170.2600;    0;    0;    0;    0;    0;    0;    0;19.6500;0.0000;    0;    0
2017-01-21 05:10:00;0.0000;170.2600;    0;    0;    0;    0;    0;    0;    0;19.6500;0.0000;    0;    0
2017-01-21 05:11:00;0.0000;170.2600;    0;    0;    0;    0;    0;    0;    0;19.5700;0.0000;    0;    0
2017-01-21 05:12:00;0.0000;170.2600;    0;    0;    0;    0;    0;    0;    0;19.5700;0.0000;    0;    0
2017-01-21 05:13:00;0.0000;170.2600;    0;    0;    0;    0;    0;    0;    0;19.5700;0.0000;    0;    0
2017-01-21 05:14:00;0.0000;170.2600;    0;    0;    0;    0;    0;    0;    0;19.5700;0.0000;    0;    0
2017-01-21 05:15:00;0.0000;170.2600;    0;    0;    0;    0;    0;    0;    0;19.5700;0.0000;    0;    0
2017-01-21 05:16:00;0.0000;170.2600;    0;    0;    0;    0;    0;    0;    0;19.5700;0.0000;    0;    0
2017-01-21 05:17:00;0.0000;170.2600;    0;    0;    0;    0;    0;    0;    0;19.6500;0.0000;    0;    0
2017-01-21 05:18:00;0.0000;170.2600;    0;    0;    0;    0;    0;    0;    0;19.6500;0.0000;    0;    0
2017-01-21 05:19:00;0.0000;170.2600;    0;    0;    0;    0;    0;    0;    0;19.6500;0.0000;    0;    0
2017-01-21 05:20:00;0.0000;170.2600;    0;    0;    0;    0;    0;    0;    0;19.6500;0.0000;    0;    0
2017-01-21 05:21:00;0.0000;170.2600;    0;    0;    0;    0;    0;    0;    0;19.6500;0.0000;    0;    0
2017-01-21 05:22:00;0.0000;170.2600;    0;    0;    0;    0;    0;    0;    0;19.6500;0.0000;    0;    0
2017-01-21 05:23:00;0.0000;170.2600;    0;    0;    0;    0;    0;    0;    0;19.6500;0.0000;    0;    0
2017-01-21 05:24:00;0.0000;170.2600;    0;    0;    0;    0;    0;    0;    0;19.6500;0.0000;    0;    0
2017-01-21 05:25:00;0.0000;170.2600;    0;    0;    0;    0;    0;    0;    0;19.6500;0.0000;    0;    0
2017-01-21 05:26:00;0.0000;170.2600;    0;    0;    0;    0;    0;    0;    0;19.6500;0.0000;    0;    0
2017-01-21 05:27:00;0.0000;170.2600;    0;    0;    0;    0;    0;    0;    0;19.6500;0.0000;    0;    0
2017-01-21 05:28:00;0.0000;170.2600;    0;    0;    0;    0;    0;    0;    0;19.6500;0.0000;    0;    0
2017-01-21 05:29:00;0.0000;170.2600;    0;    0;    0;    0;    0;    0;    0;19.6500;0.0000;    0;    0
2017-01-21 05:30:00;0.0000;170.2600;    0;    0;    0;    0;    0;    0;    0;19.5700;0.0000;    0;    0
2017-01-21 05:31:00;0.0000;170.2600;    0;    0;    0;    0;    0;    0;    0;19.5700;0.0000;    0;    0
2017-01-21 05:32:00;0.0000;170.2600;    0;    0;    0;    0;    0;    0;    0;19.5700;0.0000;    0;    0
2017-01-21 05:33:00;0.0000;170.2600;    0;    0;    0;    0;    0;    0;    0;19.5700;0.0000;    0;    0
2017-01-21 05:34:00;0.0000;170.2600;    0;    0;    0;    0;    0;    0;    0;19.5700;0.0000;    0;    0
2017-01-21 05:35:00;0.0000;170.2600;    0;    0;    0;    0;    0;    0;    0;19.4800;0.0000;    0;    0
2017-01-21 05:36:00;0.0000;170.2600;    0;    0;    0;    0;    0;    0;    0;19.4800;0.0000;    0;    0
2017-01-21 05:37:00;0.0000;170.2600;    0;    0;    0;    0;    0;    0;    0;19.5700;0.0000;    0;    0
2017-01-21 05:38:00;0.0000;170.2600;    0;    0;    0;    0;    0;    0;    0;19.5700;0.0000;    0;    0
2017-01-21 05:39:00;0.0000;170.2600;    0;    0;    0;    0;    0;    0;    0;19.5700;0.0000;    0;    0
2017-01-21 05:40:00;0.0000;170.2600;    0;    0;    0;    0;    0;    0;    0;19.6500;0.0000;    0;    0
2017-01-21 05:41:00;0.0000;170.2600;    0;    0;    0;    0;    0;    0;    0;19.6500;0.0000;    0;    0
2017-01-21 05:42:00;0.0000;170.2600;    0;    0;    0;    0;    0;    0;    0;19.4800;0.0000;    0;    0
2017-01-21 05:43:00;0.0000;170.2600;    0;    0;    0;    0;    0;    0;    0;19.4800;0.0000;    0;    0
2017-01-21 05:44:00;0.0000;170.2600;    0;    0;    0;    0;    0;    0;    0;19.5700;0.0000;    0;    0
2017-01-21 05:45:00;0.0000;170.2600;    0;    0;    0;    0;    0;    0;    0;19.5700;0.0000;    0;    0
2017-01-21 05:46:00;0.0000;170.2600;    0;    0;    0;    0;    0;    0;    0;19.5700;0.0000;    0;    0
2017-01-21 05:47:00;0.0000;170.2600;    0;    0;    0;    0;    0;    0;    0;19.6500;0.0000;    0;    0
2017-01-21 05:48:00;0.0000;170.2600;    0;    0;    0;    0;    0;    0;    0;19.6500;0.0000;    0;    0
2017-01-21 05:49:00;0.0000;170.2600;    0;    0;    0;    0;    0;    0;    0;19.6500;0.0000;    0;    0
2017-01-21 05:50:00;0.0000;170.2600;    0;    0;    0;    0;    0;    0;    0;19.6500;0.0000;    0;    0
2017-01-21 05:51:00;0.0000;170.2600;    0;    0;    0;    0;    0;    0;    0;19.7400;0.0000;    0;    1
2017-01-21 05:52:00;0.0000;170.2600;    0;    0;    0;    0;    0;    0;    0;19.6500;0.0000;    0;    0
2017-01-21 05:53:00;0.0000;170.2600;    0;    0;    0;    0;    0;    0;    0;19.6500;0.0000;    0;    0
2017-01-21 05:54:00;0.0000;170.2600;    0;    0;    0;    0;    0;    0;    0;19.6500;0.0000;    0;    0
2017-01-21 05:55:00;0.0000;170.2600;    0;    0;    0;    0;    0;    0;    0;19.6500;0.0000;    0;    0
2017-01-21 05:56:00;0.0000;170.2600;    0;    0;    0;    0;    0;    0;    0;19.6500;0.0000;    0;    0
2017-01-21 05:57:00;0.0000;170.2600;    0;    0;    0;    0;    0;    0;    0;19.5700;0.0000;    0;    0
2017-01-21 05:58:00;0.0000;170.2600;    0;    0;    0;    0;    0;    0;    0;19.5700;0.0000;    0;    0
2017-01-21 05:59:00;0.0000;170.2600;    0;    0;    0;    0;    0;    0;    0;19.5700;0.0000;    0;    1
2017-01-21 06:00:00;0.0000;170.2600;    0;    0;    0;    0;    0;    0;    0;19.6500;0.0000;    0;    0
2017-01-21 06:01:00;0.0000;170.2600;    0;    0;    0;    0;    0;    0;    0;19.6500;0.0000;    0;    0
2017-01-21 06:02:00;0.0000;170.2600;    0;    0;    0;    0;    0;    0;    0;19.6500;0.0000;    0;    0
2017-01-21 06:03:00;0.0000;170.2600;    0;    0;    0;    0;    0;    0;    0;19.6500;0.0000;    0;    0
2017-01-21 06:04:00;0.0000;170.2600;    0;    0;    0;    0;    0;    0;    0;19.6500;0.0000;    0;    0
2017-01-21 06:05:00;0.0000;170.2600;    0;    0;    0;    0;    0;    0;    0;19.6500;0.0000;    0;    0
2017-01-21 06:06:00;0.0000;170.2600;    0;    0;    0;    0;    0;    0;    0;19.6500;0.0000;    0;    0
2017-01-21 06:07:00;0.0000;170.2600;    0;    0;    0;    0;    0;    0;    0;19.5700;0.0000;    0;    0
2017-01-21 06:08:00;0.0000;170.2600;    0;    0;    0;    0;    0;    0;    0;19.5700;0.0000;    0;    0
2017-01-21 06:09:00;0.0000;170.2600;    0;    0;    0;    0;    0;    0;    0;19.6500;0.0000;    0;    0
2017-01-21 06:10:00;0.0000;170.2600;    0;    0;    0;    0;    0;    0;    0;19.5700;0.0000;    0;    0
2017-01-21 06:11:00;0.0000;170.2600;    0;    0;    0;    0;    0;    0;    0;19.5700;0.0000;    0;    0
2017-01-21 06:12:00;0.0000;170.2600;    0;    0;    0;    0;    0;    0;    0;19.5700;0.0000;    0;    0
2017-01-21 06:13:00;0.0000;170.2600;    0;    0;    0;    0;    0;    0;    0;19.6500;0.0000;    0;    0
2017-01-21 06:14:00;0.0000;170.2600;    0;    0;    0;    0;    0;    0;    0;19.6500;0.0000;    0;    0
2017-01-21 06:15:00;0.0000;170.2600;    0;    0;    0;    0;    0;    0;    0;19.6500;0.0000;    0;    0
2017-01-21 06:16:00;0.0000;170.2600;    0;    0;    0;    0;    0;    0;    0;19.6500;0.0000;    0;    0
2017-01-21 06:17:00;0.0000;170.2600;    0;    0;    0;    0;    0;    0;    0;19.6500;0.0000;    0;    0
2017-01-21 06:18:00;0.0000;170.2600;    0;    0;    0;    0;    0;    0;    0;19.6500;0.0000;    0;    0
2017-01-21 06:19:00;0.0000;170.2600;    0;    0;    0;    0;    0;    0;    0;19.6500;0.0000;    0;    0
2017-01-21 06:20:00;0.0000;170.2600;    0;    0;    0;    0;    0;    0;    0;19.6500;0.0000;    0;    0
2017-01-21 06:21:00;0.0000;170.2600;    0;    0;    0;    0;    0;    0;    0;19.5700;0.0000;    0;    0
2017-01-21 06:22:00;0.0000;170.2600;    0;    0;    0;    0;    0;    0;    0;19.5700;0.0000;    0;    0
2017-01-21 06:23:00;0.0000;170.2600;    0;    0;    0;    0;    0;    0;    0;19.5700;0.0000;    0;    0
2017-01-21 06:24:00;0.0000;170.2600;    0;    0;    0;    0;    0;    0;    0;19.5700;0.0000;    0;    0
2017-01-21 06:25:00;0.0000;170.2600;    0;    0;    0;    0;    0;    0;    0;19.5700;0.0000;    0;    0
2017-01-21 06:26:00;0.0000;170.2600;    0;    0;    0;    0;    0;    0;    0;19.5700;0.0000;    0;    0
2017-01-21 06:27:00;0.0000;170.2600;    0;    0;    0;    0;    0;    0;    0;19.5700;0.0000;    0;    0
2017-01-21 06:28:00;0.0000;170.2600;    0;    0;    0;    0;    0;    0;    0;19.6500;0.0000;    0;    0
2017-01-21 06:29:00;0.0000;170.2600;    0;    0;    0;    0;    0;    0;    0;19.6500;0.0000;    0;    0
2017-01-21 06:30:00;0.0000;170.2600;    0;    0;    0;    0;    0;    0;    0;19.6500;0.0000;    0;    1
2017-01-21 06:31:00;0.0000;170.2600;    0;    0;    0;    0;    0;    0;    0;19.6500;0.0000;    0;    0
2017-01-21 06:32:00;0.0000;170.2600;    0;    0;    0;    0;    0;    0;    0;19.6500;0.0000;    0;    0
2017-01-21 06:33:00;0.0000;170.2600;    0;    0;    0;    0;    0;    0;    0;19.6500;0.0000;    0;    0
2017-01-21 06:34:00;0.0000;170.2600;    0;    0;    0;    0;    0;    0;    0;19.6500;0.0000;    0;    0
2017-01-21 06:35:00;0.0000;170.2600;    0;    0;    0;    0;    0;    0;    0;19.6500;0.0000;    0;    0
2017-01-21 06:36:00;0.0000;170.2600;    0;    0;    0;    0;    0;    0;    0;19.6500;0.0000;    0;    0
2017-01-21 06:37:00;0.0000;170.2600;    0;    0;    0;    0;    0;    0;    0;19.5700;0.0000;    0;    0
2017-01-21 06:38:00;0.0000;170.2600;    0;    0;    0;    0;    0;    0;    0;19.4800;0.0000;    0;    0
2017-01-21 06:39:00;0.0000;170.2600;    0;    0;    0;    0;    0;    0;    0;19.4800;0.0000;    0;    0
2017-01-21 06:40:00;0.0000;170.2600;    0;    0;    0;    0;    0;    0;    0;19.4800;0.0000;    0;    0
2017-01-21 06:41:00;0.0000;170.2600;    0;    0;    0;    0;    0;    0;    0;19.4800;0.0000;    0;    0
2017-01-21 06:42:00;0.0000;170.2600;    0;    0;    0;    0;    0;    0;    0;19.4800;0.0000;    0;    0
2017-01-21 06:43:00;0.0000;170.2600;    0;    0;    0;    0;    0;    0;    0;19.4800;0.0000;    0;    0
2017-01-21 06:44:00;0.0000;170.2600;    0;    0;    0;    0;    0;    0;    0;19.5700;0.0000;    0;    0
2017-01-21 06:45:00;0.0000;170.2600;    0;    0;    0;    0;    0;    0;    0;19.5700;0.0000;    0;    0
2017-01-21 06:46:00;0.0000;170.2600;    0;    0;    0;    0;    0;    0;    0;19.5700;0.0000;    0;    0
2017-01-21 06:47:00;0.0000;170.2600;    0;    0;    0;    0;    0;    0;    0;19.6500;0.0000;    0;    0
2017-01-21 06:48:00;0.0000;170.2600;    0;    0;    0;    0;    0;    0;    0;19.6500;0.0000;    0;    0
2017-01-21 06:49:00;0.0000;170.2600;    0;    0;    0;    0;    0;    0;    0;19.6500;0.0000;    0;    0
2017-01-21 06:50:00;0.0000;170.2600;    0;    0;    0;    0;    0;    0;    0;19.6500;0.0000;    0;    0
2017-01-21 06:51:00;0.0000;170.2600;    0;    0;    0;    0;    0;    0;    0;19.6500;0.0000;    0;    0
2017-01-21 06:52:00;0.0000;170.2600;    0;    0;    0;    0;    0;    0;    0;19.6500;0.0000;    0;    0
2017-01-21 06:53:00;0.0000;170.2600;    0;    0;    0;    0;    0;    0;    0;19.6500;0.0000;    0;    0
2017-01-21 06:54:00;0.0000;170.2600;    0;    0;    0;    0;    0;    0;    0;19.5700;0.0000;    0;    0
2017-01-21 06:55:00;0.0000;170.2600;    0;    0;    0;    0;    0;    0;    0;19.5700;0.0000;    0;    0
2017-01-21 06:56:00;0.0000;170.2600;    0;    0;    0;    0;    0;    0;    0;19.6500;0.0000;    0;    0
2017-01-21 06:57:00;0.0000;170.2600;    0;    0;    0;    0;    0;    0;    0;19.7400;0.0000;    0;    0
2017-01-21 06:58:00;0.0000;170.2600;    0;    0;    0;    0;    0;    0;    0;19.7400;0.0000;    0;    0
2017-01-21 06:59:00;0.0000;170.2600;    0;    0;    0;    0;    0;    0;    0;19.8200;0.0000;    0;    0
2017-01-21 07:00:00;0.0000;170.2600;    0;    0;    0;    0;    0;    0;    0;19.8200;0.0000;    0;    0
2017-01-21 07:01:00;0.0000;170.2600;    0;    0;    0;    0;    0;    0;    0;19.7400;0.0000;    0;    0
2017-01-21 07:02:00;0.0000;170.2600;    0;    0;    0;    0;    0;    0;    0;19.7400;0.0000;    0;    0
2017-01-21 07:03:00;0.0000;170.2600;    0;    0;    0;    0;    0;    0;    0;19.7400;0.0000;    0;    0
2017-01-21 07:04:00;0.0000;170.2600;    0;    0;    0;    0;    0;    0;    0;19.7400;0.0000;    0;    0
2017-01-21 07:05:00;0.0000;170.2600;    0;    0;    0;    0;    0;    0;    0;19.7400;0.0000;    0;    0
2017-01-21 07:06:00;0.0000;170.2600;    0;    0;    0;    0;    0;    0;    0;19.6500;0.0000;    0;    0
2017-01-21 07:07:00;0.0000;170.2600;    0;    0;    0;    0;    0;    0;    0;19.7400;0.0000;    0;    0
2017-01-21 07:08:00;0.0000;170.2600;    0;    0;    0;    0;    0;    0;    0;19.8200;0.0000;    0;    0
2017-01-21 07:09:00;0.0000;170.2600;    0;    0;    0;    0;    0;    0;    0;19.7400;0.0000;    0;    0
2017-01-21 07:10:00;0.0000;170.2600;    0;    0;    0;    0;    0;    0;    0;19.9000;0.0000;    0;    0
2017-01-21 07:11:00;0.0000;170.2600;    0;    0;    0;    0;    0;    0;    0;19.9000;0.0000;    0;    0
2017-01-21 07:12:00;0.0000;170.2600;    0;    0;    0;    0;    0;    0;    0;19.9900;0.0000;    0;    0
2017-01-21 07:13:00;0.0000;170.2600;    0;    0;    0;    0;    0;    0;    0;19.9900;0.0000;    0;    0
2017-01-21 07:14:00;0.0000;170.2600;    0;    0;    0;    0;    0;    0;    0;19.9900;0.0000;    0;    0
2017-01-21 07:15:00;0.0000;170.2600;    0;    0;    0;    0;    0;    0;    0;19.9900;0.0000;    0;    0
2017-01-21 07:16:00;0.0000;170.2600;    0;    0;    0;    0;    0;    0;    0;19.9900;0.0000;    0;    0
2017-01-21 07:17:00;0.0000;170.2600;    0;    0;    0;    0;    0;    0;    0;19.9900;0.0000;    0;    0
2017-01-21 07:18:00;0.0000;170.2600;    0;    0;    0;    0;    0;    0;    0;19.9000;0.0000;    0;    0
2017-01-21 07:19:00;0.0000;170.2600;    0;    0;    0;    0;    0;    0;    0;19.9900;0.0000;    0;    0
2017-01-21 07:20:00;0.0000;170.2600;    0;    0;    0;    0;    0;    0;    0;19.9900;0.0000;    0;    0
2017-01-21 07:21:00;0.0000;170.2600;    0;    0;    0;    0;    0;    0;    0;19.9900;0.0000;    0;    0
2017-01-21 07:22:00;0.0000;170.2600;    0;    0;    0;    0;    0;    0;    0;19.9900;0.0000;    0;    0
2017-01-21 07:23:00;0.0000;170.2600;    0;    0;    0;    0;    0;    0;    0;19.9900;0.0000;    0;    0
2017-01-21 07:24:00;0.0000;170.2600;    0;    0;    0;    0;    0;    0;    0;20.1600;0.0000;    0;    0
2017-01-21 07:25:00;0.0000;170.2600;    0;    0;    0;    0;    0;    0;    0;20.1600;0.0000;    0;    0
2017-01-21 07:26:00;0.0000;170.2600;    0;    0;    0;    0;    0;    0;    0;20.1600;0.0000;    0;    0
2017-01-21 07:27:00;0.0000;170.2600;    0;    0;    0;    0;    0;    0;    0;20.1600;0.0000;    0;    0
2017-01-21 07:28:00;0.0000;170.2600;    0;    0;    0;    0;    0;    0;    0;20.2500;0.0000;    0;    0
2017-01-21 07:29:00;0.0000;170.2600;    0;    0;    0;    0;    0;    0;    0;20.3300;0.0000;    0;    0
2017-01-21 07:30:00;0.0000;170.2600;    0;    0;    0;    0;    0;    0;    0;20.4200;0.0000;    0;    0
2017-01-21 07:31:00;0.0000;170.2600;    0;    0;    0;    0;    0;    0;    0;20.5100;0.0000;    0;    0
2017-01-21 07:32:00;0.0000;170.2600;    0;    0;    0;    0;    0;    0;    0;20.3300;0.0000;    0;    0
2017-01-21 07:33:00;0.0000;170.2600;    0;    0;    0;    0;    0;    0;    0;20.2500;0.0000;    0;    0
2017-01-21 07:34:00;0.0000;170.2600;    0;    0;    0;    0;    0;    0;    0;20.1600;0.0000;    0;    0
2017-01-21 07:35:00;0.0000;170.2600;    0;    0;    0;    0;    0;    0;    0;20.1600;0.0000;    0;    0
2017-01-21 07:36:00;0.0000;170.2600;    0;    0;    0;    0;    0;    0;    0;20.3300;0.0000;    0;    0
2017-01-21 07:37:00;0.0000;170.2600;    0;    0;    0;    0;    0;    0;    0;20.2500;0.0000;    0;    0
2017-01-21 07:38:00;0.0000;170.2600;    0;    0;    0;    0;    0;    0;    0;20.3300;0.0000;    0;    0
2017-01-21 07:39:00;0.0000;170.2600;    0;    0;    0;    0;    0;    0;    0;20.4200;0.0000;    0;    0
2017-01-21 07:40:00;0.0000;170.2600;    0;    0;    0;    0;    0;    0;    0;20.5100;0.0000;    0;    0
2017-01-21 07:41:00;0.0000;170.2600;    0;    0;    0;    0;    0;    0;    0;20.6800;0.0000;    0;    0
2017-01-21 07:42:00;0.0000;170.2600;    0;    0;    0;    0;    0;    0;    0;20.8500;0.0000;    0;    0
2017-01-21 07:43:00;0.0000;170.2600;    0;    0;    0;    0;    0;    0;    0;20.9300;0.0000;    0;    0
2017-01-21 07:44:00;0.0000;170.2600;    0;    0;    0;    0;    0;    0;    0;20.8500;0.0000;    0;    0
2017-01-21 07:45:00;0.0000;170.2600;    0;    0;    0;    0;    0;    0;    0;20.7600;0.0000;    0;    0
2017-01-21 07:46:00;0.0000;170.2600;    0;    0;    0;    0;    0;    0;    0;20.5900;0.0000;    0;    0
2017-01-21 07:47:00;0.0000;170.2600;    0;    0;    0;    0;    0;    0;    0;20.6800;0.0000;    0;    0
2017-01-21 07:48:00;0.0000;170.2600;    0;    0;    0;    0;    0;    0;    0;20.5900;0.0000;    0;    0
2017-01-21 07:49:00;0.0000;170.2600;    0;    0;    0;    0;    0;    0;    0;20.7600;0.0000;    0;    0
2017-01-21 07:50:00;0.0000;170.2600;    0;    0;    0;    0;    0;    0;    0;20.7600;0.0000;    0;    0
2017-01-21 07:51:00;0.0000;170.2600;    0;    0;    0;    0;    0;    0;    0;20.8500;0.0000;    0;    0
2017-01-21 07:52:00;0.0000;170.2600;    0;    0;    0;    0;    0;    0;    0;21.0200;0.0000;    0;    0
2017-01-21 07:53:00;0.0000;170.2600;    0;    0;    0;    0;    0;    0;    0;21.1100;0.0000;    0;    0
2017-01-21 07:54:00;0.0000;170.2600;    0;    0;    0;    0;    0;    0;    0;21.0200;0.0000;    0;    0
2017-01-21 07:55:00;0.0000;170.2600;    0;    0;    0;    0;    0;    0;    0;20.8500;0.0000;    0;    0
2017-01-21 07:56:00;0.0000;170.2600;    0;    0;    0;    0;    0;    0;    0;20.6800;0.0000;    0;    0
2017-01-21 07:57:00;0.0000;170.2600;    0;    0;    0;    0;    0;    0;    0;20.9300;0.0000;    0;    0
2017-01-21 07:58:00;0.0000;170.2600;    0;    0;    0;    0;    0;    0;    0;21.1100;0.0000;    0;    0
2017-01-21 07:59:00;0.0000;170.2600;    0;    0;    0;    0;    0;    0;    0;21.2000;0.0000;    0;    0
2017-01-21 08:00:00;0.0000;170.2600;    0;    0;    0;    0;    0;    0;    0;21.0200;0.0000;    0;    0
2017-01-21 08:01:00;0.0000;170.2600;    0;    0;    0;    0;    0;    0;    0;21.1100;0.0000;    0;    0
2017-01-21 08:02:00;0.0000;170.2600;    0;    0;    0;    0;    0;    0;    0;21.2000;0.0000;    0;    0
2017-01-21 08:03:00;0.0000;170.2600;    0;    0;    0;    0;    0;    0;    0;21.5500;0.0000;    0;    0
2017-01-21 08:04:00;0.0000;170.2600;    0;    0;    0;    0;    0;    0;    0;21.3700;0.0000;    0;    0
2017-01-21 08:05:00;0.0000;170.2600;    0;    0;    0;    0;    0;    0;    0;21.7200;0.0000;    0;    0
2017-01-21 08:06:00;0.0000;170.2600;    0;    0;    0;    0;    0;    0;    0;21.8100;0.0000;    0;    1
2017-01-21 08:07:00;0.0000;170.2600;    0;    0;    0;    0;    0;    0;    0;21.9000;0.0000;    0;    1
2017-01-21 08:08:00;0.0000;170.2600;    0;    0;    0;    0;    0;    0;    0;21.9800;0.0000;    0;    0
2017-01-21 08:09:00;0.0000;170.2600;    0;    0;    0;    0;    0;    0;    0;21.9800;0.0000;    0;    0
2017-01-21 08:10:00;0.0000;170.2600;    0;    0;    0;    0;    0;    0;    0;21.6400;0.0000;    0;    0
2017-01-21 08:11:00;0.0000;170.2600;    0;    0;    0;    0;    0;    0;    0;21.8100;0.0000;    0;    0
2017-01-21 08:12:00;0.0000;170.2600;    0;    0;    0;    0;    0;    0;    0;21.9000;0.0000;    0;    0
2017-01-21 08:13:00;0.0000;170.2600;    0;    0;    0;    0;    0;    0;    0;22.1600;0.0000;    0;    0
2017-01-21 08:14:00;0.0000;170.2600;    0;    0;    0;    0;    0;    0;    0;21.9000;0.0000;    0;    0
2017-01-21 08:15:00;0.0000;170.2600;    0;    0;    0;    0;    0;    0;    0;21.7200;0.0000;    0;    0
2017-01-21 08:16:00;0.0000;170.2600;    0;    0;    0;    0;    0;    0;    0;21.9000;0.0000;    0;    0
2017-01-21 08:17:00;0.0000;170.2600;    0;    0;    0;    0;    0;    0;    0;21.9800;0.0000;    0;    0
2017-01-21 08:18:00;0.0000;170.2600;    0;    0;    0;    0;    0;    0;    0;22.1600;0.0000;    0;    0
2017-01-21 08:19:00;0.0000;170.2600;    0;    0;    0;    0;    0;    0;    0;22.1600;0.0000;    0;    0
2017-01-21 08:20:00;0.0000;170.2600;    0;    0;    0;    0;    0;    0;    0;22.5200;0.0000;    0;    0
2017-01-21 08:21:00;0.0000;170.2600;    0;    0;    0;    0;    0;    0;    0;22.6100;0.0000;    0;    0
2017-01-21 08:22:00;0.0000;170.2600;    0;    0;    0;    0;    0;    0;    0;22.4300;0.0000;    0;    0
2017-01-21 08:23:00;0.0000;170.2600;    0;    0;    0;    0;    0;    0;    0;22.2500;0.0000;    0;    0
2017-01-21 08:24:00;0.0000;170.2600;    0;    0;    0;    0;    0;    0;    0;22.4300;0.0000;    0;    0
2017-01-21 08:25:00;0.0000;170.2600;    0;    0;    0;    0;    0;    0;    0;22.3400;0.0000;    0;    0
2017-01-21 08:26:00;0.0000;170.2600;    0;    0;    0;    0;    0;    0;    0;22.6100;0.0000;    0;    0
2017-01-21 08:27:00;0.0000;170.2600;    0;    0;    0;    0;    0;    0;    0;22.6100;0.0000;    0;    0
2017-01-21 08:28:00;0.0000;170.2600;    0;    0;    0;    0;    0;    0;    0;22.2500;0.0000;    0;    0
2017-01-21 08:29:00;0.0000;170.2600;    0;    0;    0;    0;    0;    0;    0;21.8100;0.0000;    0;    0
2017-01-21 08:30:00;0.0000;170.2600;    0;    0;    0;    0;    0;    0;    0;22.0700;0.0000;    0;    0
2017-01-21 08:31:00;0.0000;170.2600;    0;    0;    0;    0;    0;    0;    0;22.2500;0.0000;    0;    1
2017-01-21 08:32:00;0.0000;170.2600;    0;    0;    0;    0;    0;    0;    0;22.2500;0.0000;    0;    1
2017-01-21 08:33:00;0.0000;170.2600;    0;    0;    0;    0;    0;    0;    0;22.2500;0.0000;    0;    0
2017-01-21 08:34:00;0.0000;170.2600;    0;    0;    0;    0;    0;    0;    0;22.1600;0.0000;    0;    0
2017-01-21 08:35:00;0.0000;170.2600;    0;    0;    0;    0;    0;    0;    0;22.0700;0.0000;    0;    0
2017-01-21 08:36:00;0.0000;170.2600;    0;    0;    0;    0;    0;    0;    0;21.9000;0.0000;    0;    0
2017-01-21 08:37:00;0.0000;170.2600;    0;    0;    0;    0;    0;    0;    0;21.9000;0.0000;    0;    1
2017-01-21 08:38:00;0.0000;170.2600;    0;    0;    0;    0;    0;    0;    0;22.0700;0.0000;    0;    1
2017-01-21 08:39:00;0.0000;170.2600;    0;    0;    0;    0;    0;    0;    0;22.1600;0.0000;    0;    2
2017-01-21 08:40:00;0.0000;170.2600;    0;    0;    0;    0;    0;    0;    0;22.1600;0.0000;    0;    1
2017-01-21 08:41:00;0.0000;170.2600;    0;    0;    0;    0;    0;    0;    0;21.9800;0.0000;    0;    1
2017-01-21 08:42:00;0.0000;170.2600;    0;    0;    0;    0;    0;    0;    0;21.8100;0.0000;    0;    1
2017-01-21 08:43:00;0.0000;170.2600;    0;    0;    0;    0;    0;    0;    0;21.9000;0.0000;    0;    1
2017-01-21 08:44:00;0.0000;170.2600;    0;    0;    0;    0;    0;    0;    0;21.9800;0.0000;    0;    0
2017-01-21 08:45:00;0.0000;170.2600;    0;    0;    0;    0;    0;    0;    0;21.9800;0.0000;    0;    2
2017-01-21 08:46:00;0.0000;170.2600;    0;    0;    0;    0;    0;    0;    0;21.9000;0.0000;    0;    1
2017-01-21 08:47:00;0.0000;170.2600;    0;    0;    0;    0;    0;    0;    0;21.9000;0.0000;    0;    0
2017-01-21 08:48:00;0.0000;170.2600;    0;    0;    0;    0;    0;    0;    0;22.0700;0.0000;    0;    0
2017-01-21 08:49:00;0.0000;170.2600;    0;    0;    0;    0;    0;    0;    0;21.9800;0.0000;    0;    0
2017-01-21 08:50:00;0.0000;170.2600;    0;    0;    0;    0;    0;    0;    0;21.9800;0.0000;    0;    1
2017-01-21 08:51:00;0.0000;170.2600;    0;    0;    0;    0;    0;    0;    0;21.9800;0.0000;    0;    0
2017-01-21 08:52:00;0.0000;170.2600;    0;    0;    0;    0;    0;    0;    0;21.9800;0.0000;    0;    0
2017-01-21 08:53:00;0.0000;170.2600;    0;    0;    0;    0;    0;    0;    0;22.3400;0.0000;    0;    0
2017-01-21 08:54:00;0.0000;170.2600;    0;    0;    0;    0;    0;    0;    0;22.2500;0.0000;    0;    0
2017-01-21 08:55:00;0.0000;170.2600;    0;    0;    0;    0;    0;    0;    0;22.0700;0.0000;    0;    0
2017-01-21 08:56:00;0.0000;170.2600;    0;    0;    0;    0;    0;    0;    0;22.1600;0.0000;    0;    0
2017-01-21 08:57:00;0.0000;170.2600;    0;    0;    0;    0;    0;    0;    0;22.2500;0.0000;    0;    0
2017-01-21 08:58:00;0.0000;170.2600;    0;    0;    0;    0;    0;    0;    0;22.0700;0.0000;    0;    0
2017-01-21 08:59:00;0.0000;170.2600;    0;    0;    0;    0;    0;    0;    0;22.2500;0.0000;    0;    0
2017-01-21 09:00:00;0.0000;170.2600;    0;    0;    0;    0;    0;    0;    0;22.2500;0.0000;    0;    0
2017-01-21 09:01:00;0.0000;170.2600;    0;    0;    0;    0;    0;    0;    0;22.0700;0.0000;    0;    0
2017-01-21 09:02:00;0.0000;170.2600;    0;    0;    0;    0;    0;    0;    0;22.0700;0.0000;    0;    0
2017-01-21 09:03:00;0.0000;170.2600;    0;    0;    0;    0;    0;    0;    0;21.9800;0.0000;    0;    0
2017-01-21 09:04:00;0.0000;170.2600;    0;    0;    0;    0;    0;    0;    0;21.9800;0.0000;    0;    0
2017-01-21 09:05:00;0.0000;170.2600;    0;    0;    0;    0;    0;    0;    0;22.1600;0.0000;    0;    0
2017-01-21 09:06:00;0.0000;170.2600;    0;    0;    0;    0;    0;    0;    0;22.1600;0.0000;    0;    0
2017-01-21 09:07:00;0.0000;170.2600;    0;    0;    0;    0;    0;    0;    0;22.0700;0.0000;    0;    0
2017-01-21 09:08:00;0.0000;170.2600;    0;    0;    0;    0;    0;    0;    0;22.1600;0.0000;    0;    0
2017-01-21 09:09:00;0.0000;170.2600;    0;    0;    0;    0;    0;    0;    0;22.2500;0.0000;    0;    0
2017-01-21 09:10:00;0.0000;170.2600;    0;    0;    0;    0;    0;    0;    0;22.4300;0.0000;    0;    0
2017-01-21 09:11:00;0.0000;170.2600;    0;    0;    0;    0;    0;    0;    0;22.2500;0.0000;    0;    0
2017-01-21 09:12:00;0.0000;170.2600;    0;    0;    0;    0;    0;    0;    0;21.9800;0.0000;    0;    2
2017-01-21 09:13:00;0.0000;170.2600;    0;    0;    0;    0;    0;    0;    0;21.9000;0.0000;    0;    4
2017-01-21 09:14:00;0.0000;170.2600;    0;    0;    0;    0;    0;    0;    0;22.0700;0.0000;    0;    7
2017-01-21 09:15:00;0.0000;170.2600;    0;    0;    0;    0;    0;    0;    0;22.1600;0.0000;    0;   14
2017-01-21 09:16:00;0.0000;170.2600;    0;    0;    0;    0;    0;    0;    0;22.1600;0.0000;    0;   24
2017-01-21 09:17:00;0.0000;170.2600;    0;    0;   10;    0;    0;    1;    0;22.3400;0.0000;    0;   37
2017-01-21 09:18:00;0.0100;170.2700;   60;   10;    4;    0;    0;    0;    0;22.2500;0.0236;    0;    1
2017-01-21 09:19:00;0.0000;170.2700;   60;    0;   13;    0;    0;    1;    0;22.3400;0.0000;    0;   18
2017-01-21 09:20:00;0.0000;170.2700;    0;   14;   13;    0;    0;    1;    0;22.3400;0.0000;    0;   45
2017-01-21 09:21:00;0.0100;170.2800;   60;   20;   18;    0;    1;    1;    0;22.2500;0.0236;    0;   24
2017-01-21 09:22:00;0.0000;170.2800;   60;   11;    9;    0;    0;    0;    0;22.1600;0.0000;    0;   48
2017-01-21 09:23:00;0.0100;170.2900;   60;   17;   23;    0;    1;    1;    0;22.3400;0.0236;    0;   31
2017-01-21 09:24:00;0.0100;170.3000;   60;    0;   13;    0;    0;    1;    0;22.7000;0.0236;    0;    2
2017-01-21 09:25:00;0.0000;170.3000;   60;    7;   13;    0;    0;    1;    0;22.7000;0.0000;    0;   24
