WARNING: TIME INFORMATION IS LOCALTIME  ;;;;;;;;;;;;;;;;;;;;;;;;;;;;;;;;;;;;;;;;;;;;;;;
2017-06-19 08:34:44;R2S-UMB ID1 precipitation diff. [mm] Act;R2S-UMB ID1 precipitation absol. [mm] Act;R2S-UMB ID1 precipitation type [] Act;R2S-UMB ID1 sum of drizzle-drops [events] Act;R2S-UMB ID1 sum of rain-drops [events] Act;R2S-UMB ID1 sum of hail [events] Act;R2S-UMB ID1 drizzle flag [] Act;R2S-UMB ID1 rain flag [] Act;R2S-UMB ID1 snow flag [] Act;R2S-UMB ID1 ambient temperature [°C] Act;R2S-UMB ID1 precipitat.intensity [in/h] Act;R2S-UMB ID1 sum of hail [] Act;R2S-UMB ID1 sum of rain-drops [] Act
2017-06-19 08:34:44;0.0000;66.8200;    0;   10;    0;    0;    0;    0;    0;20.4200;0.0000;    0;    0
2017-06-19 08:35:00;R2S-UMB ID1 precipitation diff. [mm] Act;R2S-UMB ID1 precipitation absol. [mm] Act;R2S-UMB ID1 precipitation type [] Act;R2S-UMB ID1 sum of drizzle-drops [events] Act;R2S-UMB ID1 sum of rain-drops [events] Act;R2S-UMB ID1 sum of hail [events] Act;R2S-UMB ID1 drizzle flag [] Act;R2S-UMB ID1 rain flag [] Act;R2S-UMB ID1 snow flag [] Act;R2S-UMB ID1 ambient temperature [°C] Act;R2S-UMB ID1 precipitat.intensity [in/h] Act;R2S-UMB ID1 sum of hail [] Act;R2S-UMB ID1 sum of rain-drops [] Act
2017-06-19 08:35:01;0.0000;66.8200;    0;    0;    0;    0;    0;    0;    0;20.3300;0.0000;    0;    0
2017-06-19 08:36:00;0.0000;66.8200;    0;    0;    0;    0;    0;    0;    0;20.5100;0.0000;    0;    0
2017-06-19 08:37:00;0.0000;66.8200;    0;    0;    0;    0;    0;    0;    0;21.2900;0.0000;    0;    0
2017-06-19 08:38:00;0.0000;66.8200;    0;    0;    0;    0;    0;    0;    0;20.8500;0.0000;    0;    0
2017-06-19 08:39:00;0.0000;66.8200;    0;    0;    0;    0;    0;    0;    0;21.4600;0.0000;    0;    0
2017-06-19 08:40:00;0.0000;66.8200;    0;    0;    0;    0;    0;    0;    0;22.0700;0.0000;    0;    0
2017-06-19 08:41:00;0.0000;66.8200;    0;    0;    0;    0;    0;    0;    0;21.7200;0.0000;    0;    0
2017-06-19 08:42:00;0.0000;66.8200;    0;    0;    0;    0;    0;    0;    0;22.1600;0.0000;    0;    0
2017-06-19 08:43:01;0.0000;66.8200;    0;    0;    0;    0;    0;    0;    0;21.5500;0.0000;    0;    0
2017-06-19 08:44:00;0.0000;66.8200;    0;    0;    0;    0;    0;    0;    0;21.1100;0.0000;    0;    0
2017-06-19 08:45:00;0.0000;66.8200;    0;    0;    0;    0;    0;    0;    0;21.2900;0.0000;    0;    0
2017-06-19 08:46:00;0.0000;66.8200;    0;    0;    0;    0;    0;    0;    0;20.2500;0.0000;    0;    0
2017-06-19 08:47:00;0.0000;66.8200;    0;    0;    0;    0;    0;    0;    0;20.7600;0.0000;    0;    0
2017-06-19 08:48:01;0.0000;66.8200;    0;    0;    0;    0;    0;    0;    0;21.1100;0.0000;    0;    0
2017-06-19 08:49:01;0.0000;66.8200;    0;    0;    0;    0;    0;    0;    0;20.9300;0.0000;    0;    0
2017-06-19 08:50:01;0.0000;66.8200;    0;    0;    0;    0;    0;    0;    0;20.5100;0.0000;    0;    0
2017-06-19 08:51:01;0.0000;66.8200;    0;    0;    0;    0;    0;    0;    0;21.5500;0.0000;    0;    0
2017-06-19 08:52:01;0.0000;66.8200;    0;    0;    0;    0;    0;    0;    0;22.3400;0.0000;    0;    0
2017-06-19 08:53:01;0.0000;66.8200;    0;    0;    0;    0;    0;    0;    0;21.6400;0.0000;    0;    0
2017-06-19 08:54:01;0.0000;66.8200;    0;    0;    0;    0;    0;    0;    0;21.7200;0.0000;    0;    0
2017-06-19 08:55:01;0.0000;66.8200;    0;    0;    0;    0;    0;    0;    0;21.5500;0.0000;    0;    0
2017-06-19 08:56:01;0.0000;66.8200;    0;    0;    0;    0;    0;    0;    0;21.1100;0.0000;    0;    0
2017-06-19 08:57:01;0.0000;66.8200;    0;    0;    0;    0;    0;    0;    0;20.8500;0.0000;    0;    0
2017-06-19 08:58:01;0.0000;66.8200;    0;    0;    0;    0;    0;    0;    0;19.9000;0.0000;    0;    0
2017-06-19 08:59:01;0.0000;66.8200;    0;    0;    0;    0;    0;    0;    0;19.9900;0.0000;    0;    0
2017-06-19 09:00:01;0.0000;66.8200;    0;    0;    0;    0;    0;    0;    0;19.6500;0.0000;    0;    0
2017-06-19 09:01:01;0.0000;66.8200;    0;    0;    0;    0;    0;    0;    0;20.5900;0.0000;    0;    0
2017-06-19 09:02:01;0.0000;66.8200;    0;    0;    0;    0;    0;    0;    0;20.8500;0.0000;    0;    0
2017-06-19 09:03:01;0.0000;66.8200;    0;    0;    0;    0;    0;    0;    0;21.3700;0.0000;    0;    0
2017-06-19 09:04:01;0.0000;66.8200;    0;    0;    0;    0;    0;    0;    0;21.8100;0.0000;    0;    0
2017-06-19 09:05:01;0.0000;66.8200;    0;    0;    0;    0;    0;    0;    0;21.8100;0.0000;    0;    0
2017-06-19 09:06:01;0.0000;66.8200;    0;    0;    0;    0;    0;    0;    0;22.3400;0.0000;    0;    0
2017-06-19 09:07:01;0.0000;66.8200;    0;    0;    0;    0;    0;    0;    0;21.9000;0.0000;    0;    0
2017-06-19 09:08:01;0.0000;66.8200;    0;    0;    0;    0;    0;    0;    0;21.7200;0.0000;    0;    0
2017-06-19 09:09:01;0.0000;66.8200;    0;    0;    0;    0;    0;    0;    0;21.9000;0.0000;    0;    0
2017-06-19 09:10:01;0.0000;66.8200;    0;    0;    0;    0;    0;    0;    0;22.5200;0.0000;    0;    0
2017-06-19 09:11:01;0.0000;66.8200;    0;    0;    0;    0;    0;    0;    0;22.6100;0.0000;    0;    0
2017-06-19 09:12:00;0.0000;66.8200;    0;    0;    0;    0;    0;    0;    0;22.6100;0.0000;    0;    0
2017-06-19 09:13:01;0.0000;66.8200;    0;    0;    0;    0;    0;    0;    0;22.4300;0.0000;    0;    0
2017-06-19 09:14:01;0.0000;66.8200;    0;    0;    0;    0;    0;    0;    0;22.5200;0.0000;    0;    0
2017-06-19 09:15:01;0.0000;66.8200;    0;    0;    0;    0;    0;    0;    0;22.2500;0.0000;    0;    0
2017-06-19 09:16:01;0.0000;66.8200;    0;    0;    0;    0;    0;    0;    0;21.0200;0.0000;    0;    0
2017-06-19 09:17:01;0.0000;66.8200;    0;    0;    0;    0;    0;    0;    0;21.0200;0.0000;    0;    0
2017-06-19 09:18:01;0.0000;66.8200;    0;    0;    0;    0;    0;    0;    0;20.9300;0.0000;    0;    0
2017-06-19 09:19:01;0.0000;66.8200;    0;    0;    0;    0;    0;    0;    0;20.9300;0.0000;    0;    0
2017-06-19 09:20:01;0.0000;66.8200;    0;    0;    0;    0;    0;    0;    0;20.8500;0.0000;    0;    0
2017-06-19 09:21:01;0.0000;66.8200;    0;    0;    0;    0;    0;    0;    0;20.7600;0.0000;    0;    0
2017-06-19 09:22:01;0.0000;66.8200;    0;    0;    0;    0;    0;    0;    0;21.6400;0.0000;    0;    0
2017-06-19 09:23:01;0.0000;66.8200;    0;    0;    0;    0;    0;    0;    0;22.1600;0.0000;    0;    0
2017-06-19 09:24:01;0.0000;66.8200;    0;    0;    0;    0;    0;    0;    0;21.9000;0.0000;    0;    0
2017-06-19 09:25:01;0.0000;66.8200;    0;    0;    0;    0;    0;    0;    0;21.7200;0.0000;    0;    0
2017-06-19 09:26:01;0.0000;66.8200;    0;    0;    0;    0;    0;    0;    0;21.2900;0.0000;    0;    0
2017-06-19 09:27:01;0.0000;66.8200;    0;    0;    0;    0;    0;    0;    0;21.3700;0.0000;    0;    0
2017-06-19 09:28:01;0.0000;66.8200;    0;    0;    0;    0;    0;    0;    0;21.5500;0.0000;    0;    0
2017-06-19 09:29:01;0.0000;66.8200;    0;    0;    0;    0;    0;    0;    0;22.1600;0.0000;    0;    0
2017-06-19 09:30:01;0.0000;66.8200;    0;    0;    0;    0;    0;    0;    0;22.5200;0.0000;    0;    0
2017-06-19 09:31:01;0.0000;66.8200;    0;    0;    0;    0;    0;    0;    0;22.8700;0.0000;    0;    0
2017-06-19 09:32:01;0.0000;66.8200;    0;    0;    0;    0;    0;    0;    0;23.0500;0.0000;    0;    0
2017-06-19 09:33:01;0.0000;66.8200;    0;    0;    0;    0;    0;    0;    0;22.6100;0.0000;    0;    0
2017-06-19 09:34:01;0.0000;66.8200;    0;    0;    0;    0;    0;    0;    0;21.8100;0.0000;    0;    0
2017-06-19 09:35:01;0.0000;66.8200;    0;    0;    0;    0;    0;    0;    0;21.9000;0.0000;    0;    0
2017-06-19 09:36:01;0.0000;66.8200;    0;    0;    0;    0;    0;    0;    0;22.9600;0.0000;    0;    0
2017-06-19 09:37:01;0.0000;66.8200;    0;    0;    0;    0;    0;    0;    0;22.3400;0.0000;    0;    0
2017-06-19 09:38:01;0.0000;66.8200;    0;    0;    0;    0;    0;    0;    0;22.0700;0.0000;    0;    0
2017-06-19 09:39:01;0.0000;66.8200;    0;    0;    0;    0;    0;    0;    0;22.9600;0.0000;    0;    0
2017-06-19 09:40:01;0.0000;66.8200;    0;    0;    0;    0;    0;    0;    0;22.0700;0.0000;    0;    0
2017-06-19 09:41:01;0.0000;66.8200;    0;    0;    0;    0;    0;    0;    0;22.5200;0.0000;    0;    0
2017-06-19 09:42:01;0.0000;66.8200;    0;    0;    0;    0;    0;    0;    0;22.8700;0.0000;    0;    0
2017-06-19 09:43:01;0.0000;66.8200;    0;    0;    0;    0;    0;    0;    0;22.9600;0.0000;    0;    0
2017-06-19 09:44:01;0.0000;66.8200;    0;    0;    0;    0;    0;    0;    0;22.7900;0.0000;    0;    0
2017-06-19 09:45:01;0.0000;66.8200;    0;    0;    0;    0;    0;    0;    0;23.1400;0.0000;    0;    0
2017-06-19 09:46:01;0.0000;66.8200;    0;    0;    0;    0;    0;    0;    0;22.5200;0.0000;    0;    0
2017-06-19 09:47:01;0.0000;66.8200;    0;    0;    0;    0;    0;    0;    0;22.9600;0.0000;    0;    0
2017-06-19 09:48:01;0.0000;66.8200;    0;    0;    0;    0;    0;    0;    0;23.6900;0.0000;    0;    0
2017-06-19 09:49:01;0.0000;66.8200;    0;    0;    0;    0;    0;    0;    0;23.2400;0.0000;    0;    0
2017-06-19 09:50:01;0.0000;66.8200;    0;    0;    0;    0;    0;    0;    0;23.6900;0.0000;    0;    0
2017-06-19 09:51:01;0.0000;66.8200;    0;    0;    0;    0;    0;    0;    0;24.5200;0.0000;    0;    0
2017-06-19 09:52:01;0.0000;66.8200;    0;    0;    0;    0;    0;    0;    0;24.3300;0.0000;    0;    0
2017-06-19 09:53:01;0.0000;66.8200;    0;    0;    0;    0;    0;    0;    0;24.6100;0.0000;    0;    0
2017-06-19 09:54:01;0.0000;66.8200;    0;    0;    0;    0;    0;    0;    0;24.6100;0.0000;    0;    0
2017-06-19 09:55:01;0.0000;66.8200;    0;    0;    0;    0;    0;    0;    0;24.7900;0.0000;    0;    0
2017-06-19 09:56:01;0.0000;66.8200;    0;    0;    0;    0;    0;    0;    0;24.7900;0.0000;    0;    0
2017-06-19 09:57:01;0.0000;66.8200;    0;    0;    0;    0;    0;    0;    0;24.4200;0.0000;    0;    0
2017-06-19 09:58:01;0.0000;66.8200;    0;    0;    0;    0;    0;    0;    0;24.8800;0.0000;    0;    0
2017-06-19 09:59:01;0.0000;66.8200;    0;    0;    0;    0;    0;    0;    0;24.8800;0.0000;    0;    0
2017-06-19 10:00:01;0.0000;66.8200;    0;    0;    0;    0;    0;    0;    0;24.2400;0.0000;    0;    0
2017-06-19 10:01:01;0.0000;66.8200;    0;    0;    0;    0;    0;    0;    0;24.3300;0.0000;    0;    0
2017-06-19 10:02:01;0.0000;66.8200;    0;    0;    0;    0;    0;    0;    0;23.7800;0.0000;    0;    0
2017-06-19 10:03:01;0.0000;66.8200;    0;    0;    0;    0;    0;    0;    0;23.3300;0.0000;    0;    0
2017-06-19 10:04:01;0.0000;66.8200;    0;    0;    0;    0;    0;    0;    0;23.2400;0.0000;    0;    0
2017-06-19 10:05:01;0.0000;66.8200;    0;    0;    0;    0;    0;    0;    0;22.9600;0.0000;    0;    0
2017-06-19 10:06:01;0.0000;66.8200;    0;    0;    0;    0;    0;    0;    0;23.1400;0.0000;    0;    0
2017-06-19 10:07:01;0.0000;66.8200;    0;    0;    0;    0;    0;    0;    0;22.9600;0.0000;    0;    0
2017-06-19 10:08:01;0.0000;66.8200;    0;    0;    0;    0;    0;    0;    0;22.7900;0.0000;    0;    0
2017-06-19 10:09:01;0.0000;66.8200;    0;    0;    0;    0;    0;    0;    0;22.7900;0.0000;    0;    0
2017-06-19 10:10:01;0.0000;66.8200;    0;    0;    0;    0;    0;    0;    0;23.8700;0.0000;    0;    0
2017-06-19 10:11:01;0.0000;66.8200;    0;    0;    0;    0;    0;    0;    0;23.6900;0.0000;    0;    0
2017-06-19 10:12:01;0.0000;66.8200;    0;    0;    0;    0;    0;    0;    0;24.0500;0.0000;    0;    0
2017-06-19 10:13:01;0.0000;66.8200;    0;    0;    0;    0;    0;    0;    0;23.6000;0.0000;    0;    0
2017-06-19 10:14:01;0.0000;66.8200;    0;    0;    0;    0;    0;    0;    0;23.5100;0.0000;    0;    0
2017-06-19 10:15:01;0.0000;66.8200;    0;    0;    0;    0;    0;    0;    0;24.2400;0.0000;    0;    0
2017-06-19 10:16:01;0.0000;66.8200;    0;    0;    0;    0;    0;    0;    0;24.5200;0.0000;    0;    0
2017-06-19 10:17:01;0.0000;66.8200;    0;    0;    0;    0;    0;    0;    0;24.7000;0.0000;    0;    0
2017-06-19 10:18:01;0.0000;66.8200;    0;    0;    0;    0;    0;    0;    0;24.1400;0.0000;    0;    0
2017-06-19 10:19:01;0.0000;66.8200;    0;    0;    0;    0;    0;    0;    0;24.2400;0.0000;    0;    0
2017-06-19 10:20:01;0.0000;66.8200;    0;    0;    0;    0;    0;    0;    0;25.0700;0.0000;    0;    0
2017-06-19 10:21:01;0.0000;66.8200;    0;    0;    0;    0;    0;    0;    0;26.0100;0.0000;    0;    0
2017-06-19 10:22:01;0.0000;66.8200;    0;    0;    0;    0;    0;    0;    0;25.8300;0.0000;    0;    0
2017-06-19 10:23:01;0.0000;66.8200;    0;    0;    0;    0;    0;    0;    0;24.8800;0.0000;    0;    0
2017-06-19 10:24:01;0.0000;66.8200;    0;    0;    0;    0;    0;    0;    0;25.2600;0.0000;    0;    0
2017-06-19 10:25:01;0.0000;66.8200;    0;    0;    0;    0;    0;    0;    0;25.3600;0.0000;    0;    0
2017-06-19 10:26:01;0.0000;66.8200;    0;    0;    0;    0;    0;    0;    0;25.9200;0.0000;    0;    0
2017-06-19 10:27:01;0.0000;66.8200;    0;    0;    0;    0;    0;    0;    0;25.5400;0.0000;    0;    0
2017-06-19 10:28:01;0.0000;66.8200;    0;    0;    0;    0;    0;    0;    0;26.4000;0.0000;    0;    0
2017-06-19 10:29:01;0.0000;66.8200;    0;    0;    0;    0;    0;    0;    0;26.5900;0.0000;    0;    0
2017-06-19 10:30:01;0.0000;66.8200;    0;    0;    0;    0;    0;    0;    0;26.0100;0.0000;    0;    0
2017-06-19 10:31:01;0.0000;66.8200;    0;    0;    0;    0;    0;    0;    0;25.3600;0.0000;    0;    0
2017-06-19 10:32:01;0.0000;66.8200;    0;    0;    0;    0;    0;    0;    0;26.1100;0.0000;    0;    0
2017-06-19 10:33:01;0.0000;66.8200;    0;    0;    0;    0;    0;    0;    0;26.4000;0.0000;    0;    0
2017-06-19 10:34:01;0.0000;66.8200;    0;    0;    0;    0;    0;    0;    0;26.5000;0.0000;    0;    0
2017-06-19 10:35:01;0.0000;66.8200;    0;    0;    0;    0;    0;    0;    0;27.2700;0.0000;    0;    0
2017-06-19 10:36:01;0.0000;66.8200;    0;    0;    0;    0;    0;    0;    0;26.3000;0.0000;    0;    0
2017-06-19 10:37:01;0.0000;66.8200;    0;    0;    0;    0;    0;    0;    0;25.5400;0.0000;    0;    0
2017-06-19 10:38:01;0.0000;66.8200;    0;    0;    0;    0;    0;    0;    0;25.2600;0.0000;    0;    0
2017-06-19 10:39:01;0.0000;66.8200;    0;    0;    0;    0;    0;    0;    0;25.6400;0.0000;    0;    0
2017-06-19 10:40:01;0.0000;66.8200;    0;    0;    0;    0;    0;    0;    0;25.7300;0.0000;    0;    0
2017-06-19 10:41:01;0.0000;66.8200;    0;    0;    0;    0;    0;    0;    0;26.4000;0.0000;    0;    0
2017-06-19 10:42:01;0.0000;66.8200;    0;    0;    0;    0;    0;    0;    0;26.8800;0.0000;    0;    0
2017-06-19 10:43:01;0.0000;66.8200;    0;    0;    0;    0;    0;    0;    0;24.5200;0.0000;    0;    0
2017-06-19 10:44:01;0.0000;66.8200;    0;    0;    0;    0;    0;    0;    0;25.3600;0.0000;    0;    0
2017-06-19 10:45:01;0.0000;66.8200;    0;    0;    0;    0;    0;    0;    0;24.9700;0.0000;    0;    0
2017-06-19 10:46:01;0.0000;66.8200;    0;    0;    0;    0;    0;    0;    0;25.1700;0.0000;    0;    0
2017-06-19 10:47:01;0.0000;66.8200;    0;    0;    0;    0;    0;    0;    0;25.2600;0.0000;    0;    0
2017-06-19 10:48:01;0.0000;66.8200;    0;    0;    0;    0;    0;    0;    0;26.2100;0.0000;    0;    0
2017-06-19 10:49:01;0.0000;66.8200;    0;    0;    0;    0;    0;    0;    0;26.1100;0.0000;    0;    0
2017-06-19 10:50:01;0.0000;66.8200;    0;    0;    0;    0;    0;    0;    0;26.1100;0.0000;    0;    0
2017-06-19 10:51:01;0.0000;66.8200;    0;    0;    0;    0;    0;    0;    0;26.3000;0.0000;    0;    0
2017-06-19 10:52:01;0.0000;66.8200;    0;    0;    0;    0;    0;    0;    0;25.8300;0.0000;    0;    0
2017-06-19 10:53:01;0.0000;66.8200;    0;    0;    0;    0;    0;    0;    0;25.8300;0.0000;    0;    0
2017-06-19 10:54:01;0.0000;66.8200;    0;    0;    0;    0;    0;    0;    0;26.0100;0.0000;    0;    0
2017-06-19 10:55:01;0.0000;66.8200;    0;    0;    0;    0;    0;    0;    0;26.8800;0.0000;    0;    0
2017-06-19 10:56:01;0.0000;66.8200;    0;    0;    0;    0;    0;    0;    0;25.8300;0.0000;    0;    0
2017-06-19 10:57:01;0.0000;66.8200;    0;    0;    0;    0;    0;    0;    0;26.2100;0.0000;    0;    0
2017-06-19 10:58:01;0.0000;66.8200;    0;    0;    0;    0;    0;    0;    0;26.5900;0.0000;    0;    0
2017-06-19 10:59:01;0.0000;66.8200;    0;    0;    0;    0;    0;    0;    0;25.7300;0.0000;    0;    0
2017-06-19 11:00:01;0.0000;66.8200;    0;    0;    0;    0;    0;    0;    0;25.7300;0.0000;    0;    0
2017-06-19 11:01:01;0.0000;66.8200;    0;    0;    0;    0;    0;    0;    0;25.8300;0.0000;    0;    0
2017-06-19 11:02:01;0.0000;66.8200;    0;    0;    0;    0;    0;    0;    0;26.2100;0.0000;    0;    0
2017-06-19 11:03:01;0.0000;66.8200;    0;    0;    0;    0;    0;    0;    0;26.0100;0.0000;    0;    0
2017-06-19 11:04:01;0.0000;66.8200;    0;    0;    0;    0;    0;    0;    0;25.3600;0.0000;    0;    0
2017-06-19 11:05:01;0.0000;66.8200;    0;    0;    0;    0;    0;    0;    0;25.5400;0.0000;    0;    0
2017-06-19 11:06:01;0.0000;66.8200;    0;    0;    0;    0;    0;    0;    0;26.0100;0.0000;    0;    0
2017-06-19 11:07:01;0.0000;66.8200;    0;    0;    0;    0;    0;    0;    0;25.7300;0.0000;    0;    0
2017-06-19 11:08:01;0.0000;66.8200;    0;    0;    0;    0;    0;    0;    0;25.9200;0.0000;    0;    0
2017-06-19 11:09:01;0.0000;66.8200;    0;    0;    0;    0;    0;    0;    0;26.1100;0.0000;    0;    0
2017-06-19 11:10:01;0.0000;66.8200;    0;    0;    0;    0;    0;    0;    0;25.9200;0.0000;    0;    0
2017-06-19 11:11:01;0.0000;66.8200;    0;    0;    0;    0;    0;    0;    0;26.1100;0.0000;    0;    0
2017-06-19 11:12:01;0.0000;66.8200;    0;    0;    0;    0;    0;    0;    0;26.3000;0.0000;    0;    0
2017-06-19 11:13:01;0.0000;66.8200;    0;    0;    0;    0;    0;    0;    0;25.8300;0.0000;    0;    0
2017-06-19 11:14:01;0.0000;66.8200;    0;    0;    0;    0;    0;    0;    0;26.6900;0.0000;    0;    0
2017-06-19 11:15:01;0.0000;66.8200;    0;    0;    0;    0;    0;    0;    0;25.8300;0.0000;    0;    0
2017-06-19 11:16:01;0.0000;66.8200;    0;    0;    0;    0;    0;    0;    0;26.4000;0.0000;    0;    0
2017-06-19 11:17:01;0.0000;66.8200;    0;    0;    0;    0;    0;    0;    0;26.9800;0.0000;    0;    0
2017-06-19 11:18:01;0.0000;66.8200;    0;    0;    0;    0;    0;    0;    0;26.1100;0.0000;    0;    0
2017-06-19 11:19:01;0.0000;66.8200;    0;    0;    0;    0;    0;    0;    0;26.4000;0.0000;    0;    0
2017-06-19 11:20:01;0.0000;66.8200;    0;    0;    0;    0;    0;    0;    0;27.3700;0.0000;    0;    0
2017-06-19 11:21:01;0.0000;66.8200;    0;    0;    0;    0;    0;    0;    0;27.4700;0.0000;    0;    0
2017-06-19 11:22:01;0.0000;66.8200;    0;    0;    0;    0;    0;    0;    0;26.9800;0.0000;    0;    0
2017-06-19 11:23:01;0.0000;66.8200;    0;    0;    0;    0;    0;    0;    0;26.9800;0.0000;    0;    0
2017-06-19 11:24:01;0.0000;66.8200;    0;    0;    0;    0;    0;    0;    0;27.3700;0.0000;    0;    0
2017-06-19 11:25:01;0.0000;66.8200;    0;    0;    0;    0;    0;    0;    0;26.0100;0.0000;    0;    0
2017-06-19 11:26:01;0.0000;66.8200;    0;    0;    0;    0;    0;    0;    0;26.7900;0.0000;    0;    0
2017-06-19 11:27:01;0.0000;66.8200;    0;    0;    0;    0;    0;    0;    0;27.9600;0.0000;    0;    0
2017-06-19 11:28:01;0.0000;66.8200;    0;    0;    0;    0;    0;    0;    0;28.4700;0.0000;    0;    0
2017-06-19 11:29:01;0.0000;66.8200;    0;    0;    0;    0;    0;    0;    0;28.1600;0.0000;    0;    0
2017-06-19 11:30:01;0.0000;66.8200;    0;    0;    0;    0;    0;    0;    0;27.9600;0.0000;    0;    0
2017-06-19 11:31:01;0.0000;66.8200;    0;    0;    0;    0;    0;    0;    0;26.8800;0.0000;    0;    0
2017-06-19 11:32:01;0.0000;66.8200;    0;    0;    0;    0;    0;    0;    0;26.4000;0.0000;    0;    0
2017-06-19 11:33:01;0.0000;66.8200;    0;    0;    0;    0;    0;    0;    0;26.9800;0.0000;    0;    0
2017-06-19 11:34:01;0.0000;66.8200;    0;    0;    0;    0;    0;    0;    0;28.1600;0.0000;    0;    0
2017-06-19 11:35:01;0.0000;66.8200;    0;    0;    0;    0;    0;    0;    0;26.9800;0.0000;    0;    0
2017-06-19 11:36:01;0.0000;66.8200;    0;    0;    0;    0;    0;    0;    0;26.5900;0.0000;    0;    0
2017-06-19 11:37:01;0.0000;66.8200;    0;    0;    0;    0;    0;    0;    0;26.8800;0.0000;    0;    0
2017-06-19 11:38:01;0.0000;66.8200;    0;    0;    0;    0;    0;    0;    0;27.8600;0.0000;    0;    0
2017-06-19 11:39:01;0.0000;66.8200;    0;    0;    0;    0;    0;    0;    0;28.3700;0.0000;    0;    0
2017-06-19 11:40:01;0.0000;66.8200;    0;    0;    0;    0;    0;    0;    0;28.6700;0.0000;    0;    0
2017-06-19 11:41:01;0.0000;66.8200;    0;    0;    0;    0;    0;    0;    0;29.2800;0.0000;    0;    0
2017-06-19 11:42:01;0.0000;66.8200;    0;    0;    0;    0;    0;    0;    0;27.7700;0.0000;    0;    0
2017-06-19 11:43:01;0.0000;66.8200;    0;    0;    0;    0;    0;    0;    0;29.1800;0.0000;    0;    0
2017-06-19 11:44:01;0.0000;66.8200;    0;    0;    0;    0;    0;    0;    0;28.1600;0.0000;    0;    0
2017-06-19 11:45:01;0.0000;66.8200;    0;    0;    0;    0;    0;    0;    0;28.2700;0.0000;    0;    0
2017-06-19 11:46:01;0.0000;66.8200;    0;    0;    0;    0;    0;    0;    0;28.4700;0.0000;    0;    0
2017-06-19 11:47:01;0.0000;66.8200;    0;    0;    0;    0;    0;    0;    0;28.7700;0.0000;    0;    0
2017-06-19 11:48:01;0.0000;66.8200;    0;    0;    0;    0;    0;    0;    0;29.3900;0.0000;    0;    0
2017-06-19 11:49:01;0.0000;66.8200;    0;    0;    0;    0;    0;    0;    0;30.3200;0.0000;    0;    0
2017-06-19 11:50:01;0.0000;66.8200;    0;    0;    0;    0;    0;    0;    0;29.8000;0.0000;    0;    0
2017-06-19 11:51:01;0.0000;66.8200;    0;    0;    0;    0;    0;    0;    0;30.3200;0.0000;    0;    0
2017-06-19 11:52:01;0.0000;66.8200;    0;    0;    0;    0;    0;    0;    0;30.4300;0.0000;    0;    0
2017-06-19 11:53:01;0.0000;66.8200;    0;    0;    0;    0;    0;    0;    0;29.5900;0.0000;    0;    0
2017-06-19 11:54:01;0.0000;66.8200;    0;    0;    0;    0;    0;    0;    0;28.7700;0.0000;    0;    0
2017-06-19 11:55:01;0.0000;66.8200;    0;    0;    0;    0;    0;    0;    0;28.4700;0.0000;    0;    0
2017-06-19 11:56:01;0.0000;66.8200;    0;    0;    0;    0;    0;    0;    0;27.4700;0.0000;    0;    0
2017-06-19 11:57:01;0.0000;66.8200;    0;    0;    0;    0;    0;    0;    0;28.2700;0.0000;    0;    0
2017-06-19 11:58:01;0.0000;66.8200;    0;    0;    0;    0;    0;    0;    0;29.4900;0.0000;    0;    0
2017-06-19 11:59:01;0.0000;66.8200;    0;    0;    0;    0;    0;    0;    0;29.3900;0.0000;    0;    0
2017-06-19 12:00:01;0.0000;66.8200;    0;    0;    0;    0;    0;    0;    0;29.0700;0.0000;    0;    0
2017-06-19 12:01:01;0.0000;66.8200;    0;    0;    0;    0;    0;    0;    0;27.5700;0.0000;    0;    0
2017-06-19 12:02:01;0.0000;66.8200;    0;    0;    0;    0;    0;    0;    0;27.8600;0.0000;    0;    0
2017-06-19 12:03:01;0.0000;66.8200;    0;    0;    0;    0;    0;    0;    0;28.1600;0.0000;    0;    0
2017-06-19 12:04:01;0.0000;66.8200;    0;    0;    0;    0;    0;    0;    0;27.4700;0.0000;    0;    0
2017-06-19 12:05:01;0.0000;66.8200;    0;    0;    0;    0;    0;    0;    0;29.4900;0.0000;    0;    0
2017-06-19 12:06:01;0.0000;66.8200;    0;    0;    0;    0;    0;    0;    0;29.4900;0.0000;    0;    0
2017-06-19 12:07:01;0.0000;66.8200;    0;    0;    0;    0;    0;    0;    0;28.7700;0.0000;    0;    0
2017-06-19 12:08:01;0.0000;66.8200;    0;    0;    0;    0;    0;    0;    0;28.0600;0.0000;    0;    0
2017-06-19 12:09:01;0.0000;66.8200;    0;    0;    0;    0;    0;    0;    0;27.4700;0.0000;    0;    0
2017-06-19 12:10:01;0.0000;66.8200;    0;    0;    0;    0;    0;    0;    0;28.8700;0.0000;    0;    0
2017-06-19 12:11:01;0.0000;66.8200;    0;    0;    0;    0;    0;    0;    0;29.3900;0.0000;    0;    0
2017-06-19 12:12:01;0.0000;66.8200;    0;    0;    0;    0;    0;    0;    0;28.6700;0.0000;    0;    0
2017-06-19 12:13:01;0.0000;66.8200;    0;    0;    0;    0;    0;    0;    0;28.2700;0.0000;    0;    0
2017-06-19 12:14:01;0.0000;66.8200;    0;    0;    0;    0;    0;    0;    0;27.7700;0.0000;    0;    0
2017-06-19 12:15:01;0.0000;66.8200;    0;    0;    0;    0;    0;    0;    0;27.4700;0.0000;    0;    0
2017-06-19 12:16:01;0.0000;66.8200;    0;    0;    0;    0;    0;    0;    0;26.6900;0.0000;    0;    0
2017-06-19 12:17:01;0.0000;66.8200;    0;    0;    0;    0;    0;    0;    0;26.8800;0.0000;    0;    0
2017-06-19 12:18:01;0.0000;66.8200;    0;    0;    0;    0;    0;    0;    0;27.3700;0.0000;    0;    0
2017-06-19 12:19:01;0.0000;66.8200;    0;    0;    0;    0;    0;    0;    0;27.6700;0.0000;    0;    0
2017-06-19 12:20:01;0.0000;66.8200;    0;    0;    0;    0;    0;    0;    0;26.5900;0.0000;    0;    0
2017-06-19 12:21:01;0.0000;66.8200;    0;    0;    0;    0;    0;    0;    0;26.9800;0.0000;    0;    0
2017-06-19 12:22:01;0.0000;66.8200;    0;    0;    0;    0;    0;    0;    0;26.9800;0.0000;    0;    0
2017-06-19 12:23:01;0.0000;66.8200;    0;    0;    0;    0;    0;    0;    0;27.0800;0.0000;    0;    0
2017-06-19 12:24:01;0.0000;66.8200;    0;    0;    0;    0;    0;    0;    0;28.1600;0.0000;    0;    0
2017-06-19 12:25:01;0.0000;66.8200;    0;    0;    0;    0;    0;    0;    0;28.3700;0.0000;    0;    0
2017-06-19 12:26:01;0.0000;66.8200;    0;    0;    0;    0;    0;    0;    0;27.4700;0.0000;    0;    0
2017-06-19 12:27:01;0.0000;66.8200;    0;    0;    0;    0;    0;    0;    0;28.3700;0.0000;    0;    0
2017-06-19 12:28:01;0.0000;66.8200;    0;    0;    0;    0;    0;    0;    0;28.5700;0.0000;    0;    0
2017-06-19 12:29:01;0.0000;66.8200;    0;    0;    0;    0;    0;    0;    0;28.3700;0.0000;    0;    0
2017-06-19 12:30:01;0.0000;66.8200;    0;    0;    0;    0;    0;    0;    0;29.2800;0.0000;    0;    0
2017-06-19 12:31:01;0.0000;66.8200;    0;    0;    0;    0;    0;    0;    0;29.5900;0.0000;    0;    1
2017-06-19 12:32:01;0.1000;66.9200;   60;    0;    0;    0;    0;    0;    0;30.8500;0.2362;    0;    0
2017-06-19 12:33:01;0.0000;66.9200;   60;    0;    0;    0;    0;    0;    0;29.4900;0.0000;    0;    0
2017-06-19 12:34:01;0.0000;66.9200;    0;    0;    0;    0;    0;    0;    0;29.8000;0.0000;    0;    0
2017-06-19 12:35:01;0.0000;66.9200;    0;    0;    0;    0;    0;    0;    0;29.6900;0.0000;    0;    0
2017-06-19 12:36:01;0.0000;66.9200;    0;    0;    0;    0;    0;    0;    0;29.2800;0.0000;    0;    0
2017-06-19 12:37:01;0.0000;66.9200;    0;    0;    0;    0;    0;    0;    0;29.3900;0.0000;    0;    0
2017-06-19 12:38:01;0.0000;66.9200;    0;    0;    0;    0;    0;    0;    0;29.5900;0.0000;    0;    0
2017-06-19 12:39:01;0.0000;66.9200;    0;    0;    0;    0;    0;    0;    0;29.0700;0.0000;    0;    0
2017-06-19 12:40:01;0.0000;66.9200;    0;    0;    0;    0;    0;    0;    0;29.0700;0.0000;    0;    0
2017-06-19 12:41:01;0.0000;66.9200;    0;    0;    0;    0;    0;    0;    0;29.6900;0.0000;    0;    0
2017-06-19 12:42:01;0.0000;66.9200;    0;    0;    0;    0;    0;    0;    0;30.2200;0.0000;    0;    0
2017-06-19 12:43:01;0.0000;66.9200;    0;    0;    0;    0;    0;    0;    0;29.8000;0.0000;    0;    0
2017-06-19 12:44:01;0.0000;66.9200;    0;    0;    0;    0;    0;    0;    0;27.5700;0.0000;    0;    0
2017-06-19 12:45:01;0.0000;66.9200;    0;    0;    0;    0;    0;    0;    0;27.6700;0.0000;    0;    0
2017-06-19 12:46:01;0.0000;66.9200;    0;    0;    0;    0;    0;    0;    0;27.2700;0.0000;    0;    0
2017-06-19 12:47:01;0.0000;66.9200;    0;    0;    0;    0;    0;    0;    0;26.9800;0.0000;    0;    0
2017-06-19 12:48:01;0.0000;66.9200;    0;    0;    0;    0;    0;    0;    0;27.2700;0.0000;    0;    0
2017-06-19 12:49:01;0.0000;66.9200;    0;    0;    0;    0;    0;    0;    0;28.3700;0.0000;    0;    0
2017-06-19 12:50:01;0.0000;66.9200;    0;    0;    0;    0;    0;    0;    0;27.6700;0.0000;    0;    0
2017-06-19 12:51:01;0.0000;66.9200;    0;    0;    0;    0;    0;    0;    0;28.2700;0.0000;    0;    0
2017-06-19 12:52:01;0.0000;66.9200;    0;    0;    0;    0;    0;    0;    0;28.1600;0.0000;    0;    0
2017-06-19 12:53:01;0.0000;66.9200;    0;    0;    0;    0;    0;    0;    0;28.0600;0.0000;    0;    0
2017-06-19 12:54:01;0.0000;66.9200;    0;    0;    0;    0;    0;    0;    0;28.9700;0.0000;    0;    0
2017-06-19 12:55:01;0.0000;66.9200;    0;    0;    0;    0;    0;    0;    0;28.9700;0.0000;    0;    0
2017-06-19 12:56:01;0.0000;66.9200;    0;    0;    0;    0;    0;    0;    0;28.2700;0.0000;    0;    0
2017-06-19 12:57:01;0.0000;66.9200;    0;    0;    0;    0;    0;    0;    0;28.0600;0.0000;    0;    0
2017-06-19 12:58:01;0.0000;66.9200;    0;    0;    0;    0;    0;    0;    0;27.8600;0.0000;    0;    0
2017-06-19 12:59:01;0.0000;66.9200;    0;    0;    0;    0;    0;    0;    0;28.5700;0.0000;    0;    0
2017-06-19 13:00:01;0.0000;66.9200;    0;    0;    0;    0;    0;    0;    0;28.5700;0.0000;    0;    0
2017-06-19 13:01:01;0.0000;66.9200;    0;    0;    0;    0;    0;    0;    0;28.4700;0.0000;    0;    0
2017-06-19 13:02:01;0.0000;66.9200;    0;    0;    0;    0;    0;    0;    0;28.2700;0.0000;    0;    0
2017-06-19 13:03:01;0.0000;66.9200;    0;    0;    0;    0;    0;    0;    0;28.3700;0.0000;    0;    0
2017-06-19 13:04:01;0.0000;66.9200;    0;    0;    0;    0;    0;    0;    0;28.2700;0.0000;    0;    0
2017-06-19 13:05:01;0.0000;66.9200;    0;    0;    0;    0;    0;    0;    0;28.6700;0.0000;    0;    0
2017-06-19 13:06:01;0.0000;66.9200;    0;    0;    0;    0;    0;    0;    0;28.6700;0.0000;    0;    1
2017-06-19 13:07:01;0.0000;66.9200;    0;    0;    0;    0;    0;    0;    0;28.7700;0.0000;    0;    0
2017-06-19 13:08:01;0.0000;66.9200;    0;    0;    0;    0;    0;    0;    0;27.5700;0.0000;    0;    0
2017-06-19 13:09:01;0.0000;66.9200;    0;    0;    0;    0;    0;    0;    0;27.8600;0.0000;    0;    0
2017-06-19 13:10:01;0.0000;66.9200;    0;    0;    0;    0;    0;    0;    0;27.6700;0.0000;    0;    0
2017-06-19 13:11:01;0.0000;66.9200;    0;    0;    0;    0;    0;    0;    0;27.8600;0.0000;    0;    0
2017-06-19 13:12:01;0.0000;66.9200;    0;    0;    0;    0;    0;    0;    0;27.5700;0.0000;    0;    0
2017-06-19 13:13:01;0.0000;66.9200;    0;    0;    0;    0;    0;    0;    0;27.6700;0.0000;    0;    0
2017-06-19 13:14:01;0.0000;66.9200;    0;    0;    0;    0;    0;    0;    0;27.7700;0.0000;    0;    0
2017-06-19 13:15:01;0.0000;66.9200;    0;    0;    0;    0;    0;    0;    0;27.7700;0.0000;    0;    0
2017-06-19 13:16:01;0.0000;66.9200;    0;    0;    0;    0;    0;    0;    0;27.6700;0.0000;    0;    0
2017-06-19 13:17:01;0.0000;66.9200;    0;    0;    0;    0;    0;    0;    0;27.7700;0.0000;    0;    0
2017-06-19 13:18:01;0.0000;66.9200;    0;    0;    0;    0;    0;    0;    0;27.7700;0.0000;    0;    0
2017-06-19 13:19:01;0.0000;66.9200;    0;    0;    0;    0;    0;    0;    0;26.8800;0.0000;    0;    0
2017-06-19 13:20:01;0.0000;66.9200;    0;    0;    0;    0;    0;    0;    0;26.5900;0.0000;    0;    0
2017-06-19 13:21:01;0.0000;66.9200;    0;    0;    0;    0;    0;    0;    0;27.2700;0.0000;    0;    0
2017-06-19 13:22:01;0.0000;66.9200;    0;    0;    0;    0;    0;    0;    0;27.0800;0.0000;    0;    0
2017-06-19 13:23:01;0.0000;66.9200;    0;    0;    0;    0;    0;    0;    0;27.3700;0.0000;    0;    0
2017-06-19 13:24:01;0.0000;66.9200;    0;    0;    0;    0;    0;    0;    0;27.9600;0.0000;    0;    0
2017-06-19 13:25:01;0.0000;66.9200;    0;    0;    0;    0;    0;    0;    0;28.8700;0.0000;    0;    0
2017-06-19 13:26:01;0.0000;66.9200;    0;    0;    0;    0;    0;    0;    0;27.4700;0.0000;    0;    0
2017-06-19 13:27:01;0.0000;66.9200;    0;    0;    0;    0;    0;    0;    0;27.7700;0.0000;    0;    0
2017-06-19 13:28:01;0.0000;66.9200;    0;    0;    0;    0;    0;    0;    0;27.2700;0.0000;    0;    0
2017-06-19 13:29:01;0.0000;66.9200;    0;    0;    0;    0;    0;    0;    0;27.9600;0.0000;    0;    0
2017-06-19 13:30:01;0.0000;66.9200;    0;    0;    0;    0;    0;    0;    0;28.3700;0.0000;    0;    0
2017-06-19 13:31:01;0.0000;66.9200;    0;    0;    0;    0;    0;    0;    0;28.0600;0.0000;    0;    0
2017-06-19 13:32:01;0.0000;66.9200;    0;    0;    0;    0;    0;    0;    0;28.4700;0.0000;    0;    0
2017-06-19 13:33:01;0.0000;66.9200;    0;    0;    0;    0;    0;    0;    0;28.2700;0.0000;    0;    0
2017-06-19 13:34:01;0.0000;66.9200;    0;    0;    0;    0;    0;    0;    0;27.4700;0.0000;    0;    0
2017-06-19 13:35:01;0.0000;66.9200;    0;    0;    0;    0;    0;    0;    0;26.8800;0.0000;    0;    0
2017-06-19 13:36:01;0.0000;66.9200;    0;    0;    0;    0;    0;    0;    0;27.0800;0.0000;    0;    0
2017-06-19 13:37:01;0.0000;66.9200;    0;    0;    0;    0;    0;    0;    0;27.0800;0.0000;    0;    0
2017-06-19 13:38:01;0.0000;66.9200;    0;    0;    0;    0;    0;    0;    0;27.9600;0.0000;    0;    0
2017-06-19 13:39:01;0.0000;66.9200;    0;    0;    0;    0;    0;    0;    0;27.4700;0.0000;    0;    0
2017-06-19 13:40:01;0.0000;66.9200;    0;    0;    0;    0;    0;    0;    0;27.3700;0.0000;    0;    0
2017-06-19 13:41:01;0.0000;66.9200;    0;    0;    0;    0;    0;    0;    0;28.0600;0.0000;    0;    0
2017-06-19 13:42:01;0.0000;66.9200;    0;    0;    0;    0;    0;    0;    0;27.7700;0.0000;    0;    0
2017-06-19 13:43:01;0.0000;66.9200;    0;    0;    0;    0;    0;    0;    0;27.3700;0.0000;    0;    0
2017-06-19 13:44:01;0.0000;66.9200;    0;    0;    0;    0;    0;    0;    0;27.5700;0.0000;    0;    0
2017-06-19 13:45:01;0.0000;66.9200;    0;    0;    0;    0;    0;    0;    0;27.7700;0.0000;    0;    0
2017-06-19 13:46:01;0.0000;66.9200;    0;    0;    0;    0;    0;    0;    0;27.6700;0.0000;    0;    0
2017-06-19 13:47:01;0.0000;66.9200;    0;    0;    0;    0;    0;    0;    0;27.3700;0.0000;    0;    0
2017-06-19 13:48:01;0.0000;66.9200;    0;    0;    0;    0;    0;    0;    0;27.9600;0.0000;    0;    0
2017-06-19 13:49:01;0.0000;66.9200;    0;    0;    0;    0;    0;    0;    0;28.0600;0.0000;    0;    0
2017-06-19 13:50:01;0.0000;66.9200;    0;    0;    0;    0;    0;    0;    0;28.7700;0.0000;    0;    0
2017-06-19 13:51:01;0.0000;66.9200;    0;    0;    0;    0;    0;    0;    0;28.3700;0.0000;    0;    0
2017-06-19 13:52:01;0.0000;66.9200;    0;    0;    0;    0;    0;    0;    0;28.4700;0.0000;    0;    0
2017-06-19 13:53:01;0.0000;66.9200;    0;    0;    0;    0;    0;    0;    0;28.2700;0.0000;    0;    0
2017-06-19 13:54:01;0.0000;66.9200;    0;    0;    0;    0;    0;    0;    0;28.8700;0.0000;    0;    0
2017-06-19 13:55:01;0.0000;66.9200;    0;    0;    0;    0;    0;    0;    0;28.2700;0.0000;    0;    0
2017-06-19 13:56:01;0.0000;66.9200;    0;    0;    0;    0;    0;    0;    0;27.7700;0.0000;    0;    0
2017-06-19 13:57:01;0.0000;66.9200;    0;    0;    0;    0;    0;    0;    0;27.4700;0.0000;    0;    0
2017-06-19 13:58:01;0.0000;66.9200;    0;    0;    0;    0;    0;    0;    0;27.8600;0.0000;    0;    0
2017-06-19 13:59:01;0.0000;66.9200;    0;    0;    0;    0;    0;    0;    0;27.3700;0.0000;    0;    0
2017-06-19 14:00:01;0.0000;66.9200;    0;    0;    0;    0;    0;    0;    0;27.2700;0.0000;    0;    0
2017-06-19 14:01:01;0.0000;66.9200;    0;    0;    0;    0;    0;    0;    0;26.4000;0.0000;    0;    0
2017-06-19 14:02:01;0.0000;66.9200;    0;    0;    0;    0;    0;    0;    0;26.8800;0.0000;    0;    0
2017-06-19 14:03:01;0.0000;66.9200;    0;    0;    0;    0;    0;    0;    0;26.6900;0.0000;    0;    0
2017-06-19 14:04:01;0.0000;66.9200;    0;    0;    0;    0;    0;    0;    0;26.8800;0.0000;    0;    0
2017-06-19 14:05:01;0.0000;66.9200;    0;    0;    0;    0;    0;    0;    0;27.2700;0.0000;    0;    0
2017-06-19 14:06:01;0.0000;66.9200;    0;    0;    0;    0;    0;    0;    0;26.9800;0.0000;    0;    0
2017-06-19 14:07:01;0.0000;66.9200;    0;    0;    0;    0;    0;    0;    0;27.1800;0.0000;    0;    0
2017-06-19 14:08:01;0.0000;66.9200;    0;    0;    0;    0;    0;    0;    0;27.4700;0.0000;    0;    0
2017-06-19 14:09:01;0.0000;66.9200;    0;    0;    0;    0;    0;    0;    0;28.4700;0.0000;    0;    0
2017-06-19 14:10:01;0.0000;66.9200;    0;    0;    0;    0;    0;    0;    0;28.5700;0.0000;    0;    0
2017-06-19 14:11:01;0.0000;66.9200;    0;    0;    0;    0;    0;    0;    0;28.1600;0.0000;    0;    0
2017-06-19 14:12:01;0.0000;66.9200;    0;    0;    0;    0;    0;    0;    0;28.7700;0.0000;    0;    0
2017-06-19 14:13:01;0.0000;66.9200;    0;    0;    0;    0;    0;    0;    0;28.2700;0.0000;    0;    0
2017-06-19 14:14:01;0.0000;66.9200;    0;    0;    0;    0;    0;    0;    0;28.4700;0.0000;    0;    0
2017-06-19 14:15:01;0.0000;66.9200;    0;    0;    0;    0;    0;    0;    0;27.7700;0.0000;    0;    0
2017-06-19 14:16:01;0.0000;66.9200;    0;    0;    0;    0;    0;    0;    0;27.4700;0.0000;    0;    0
2017-06-19 14:17:01;0.0000;66.9200;    0;    0;    0;    0;    0;    0;    0;27.5700;0.0000;    0;    0
2017-06-19 14:18:01;0.0000;66.9200;    0;    0;    0;    0;    0;    0;    0;27.7700;0.0000;    0;    0
2017-06-19 14:19:01;0.0000;66.9200;    0;    0;    0;    0;    0;    0;    0;27.4700;0.0000;    0;    0
2017-06-19 14:20:01;0.0000;66.9200;    0;    0;    0;    0;    0;    0;    0;27.5700;0.0000;    0;    0
2017-06-19 14:21:01;0.0000;66.9200;    0;    0;    0;    0;    0;    0;    0;28.0600;0.0000;    0;    0
2017-06-19 14:22:01;0.0000;66.9200;    0;    0;    0;    0;    0;    0;    0;28.4700;0.0000;    0;    0
2017-06-19 14:23:01;0.0000;66.9200;    0;    0;    0;    0;    0;    0;    0;28.6700;0.0000;    0;    0
2017-06-19 14:24:01;0.0000;66.9200;    0;    0;    0;    0;    0;    0;    0;27.9600;0.0000;    0;    0
2017-06-19 14:25:01;0.0000;66.9200;    0;    0;    0;    0;    0;    0;    0;27.5700;0.0000;    0;    0
2017-06-19 14:26:01;0.0000;66.9200;    0;    0;    0;    0;    0;    0;    0;27.7700;0.0000;    0;    0
2017-06-19 14:27:01;0.0000;66.9200;    0;    0;    0;    0;    0;    0;    0;28.0600;0.0000;    0;    0
2017-06-19 14:28:01;0.0000;66.9200;    0;    0;    0;    0;    0;    0;    0;27.6700;0.0000;    0;    0
2017-06-19 14:29:01;0.0000;66.9200;    0;    0;    0;    0;    0;    0;    0;27.3700;0.0000;    0;    0
2017-06-19 14:30:01;0.0000;66.9200;    0;    0;    0;    0;    0;    0;    0;27.4700;0.0000;    0;    0
2017-06-19 14:31:01;0.0000;66.9200;    0;    0;    0;    0;    0;    0;    0;27.3700;0.0000;    0;    0
2017-06-19 14:32:01;0.0000;66.9200;    0;    0;    0;    0;    0;    0;    0;27.7700;0.0000;    0;    0
2017-06-19 14:33:01;0.0000;66.9200;    0;    0;    0;    0;    0;    0;    0;28.4700;0.0000;    0;    0
2017-06-19 14:34:01;0.0000;66.9200;    0;    0;    0;    0;    0;    0;    0;28.8700;0.0000;    0;    0
2017-06-19 14:35:01;0.0000;66.9200;    0;    0;    0;    0;    0;    0;    0;28.8700;0.0000;    0;    0
2017-06-19 14:36:01;0.0000;66.9200;    0;    0;    0;    0;    0;    0;    0;28.8700;0.0000;    0;    0
2017-06-19 14:37:01;0.0000;66.9200;    0;    0;    0;    0;    0;    0;    0;28.3700;0.0000;    0;    0
2017-06-19 14:38:01;0.0000;66.9200;    0;    0;    0;    0;    0;    0;    0;29.3900;0.0000;    0;    0
2017-06-19 14:39:01;0.0000;66.9200;    0;    0;    0;    0;    0;    0;    0;29.1800;0.0000;    0;    0
2017-06-19 14:40:01;0.0000;66.9200;    0;    0;    0;    0;    0;    0;    0;28.4700;0.0000;    0;    0
2017-06-19 14:41:01;0.0000;66.9200;    0;    0;    0;    0;    0;    0;    0;28.3700;0.0000;    0;    0
2017-06-19 14:42:01;0.0000;66.9200;    0;    0;    0;    0;    0;    0;    0;28.2700;0.0000;    0;    0
2017-06-19 14:43:01;0.0000;66.9200;    0;    0;    0;    0;    0;    0;    0;28.4700;0.0000;    0;    0
2017-06-19 14:44:01;0.0000;66.9200;    0;    0;    0;    0;    0;    0;    0;28.5700;0.0000;    0;    0
2017-06-19 14:45:01;0.0000;66.9200;    0;    0;    0;    0;    0;    0;    0;28.7700;0.0000;    0;    0
2017-06-19 14:46:01;0.0000;66.9200;    0;    0;    0;    0;    0;    0;    0;28.9700;0.0000;    0;    0
2017-06-19 14:47:01;0.0000;66.9200;    0;    0;    0;    0;    0;    0;    0;28.6700;0.0000;    0;    0
2017-06-19 14:48:01;0.0000;66.9200;    0;    0;    0;    0;    0;    0;    0;29.1800;0.0000;    0;    0
2017-06-19 14:49:01;0.0000;66.9200;    0;    0;    0;    0;    0;    0;    0;28.2700;0.0000;    0;    0
2017-06-19 14:50:01;0.0000;66.9200;    0;    0;    0;    0;    0;    0;    0;28.1600;0.0000;    0;    0
2017-06-19 14:51:01;0.0000;66.9200;    0;    0;    0;    0;    0;    0;    0;28.8700;0.0000;    0;    0
2017-06-19 14:52:01;0.0000;66.9200;    0;    0;    0;    0;    0;    0;    0;28.5700;0.0000;    0;    0
2017-06-19 14:53:01;0.0000;66.9200;    0;    0;    0;    0;    0;    0;    0;28.2700;0.0000;    0;    0
2017-06-19 14:54:01;0.0000;66.9200;    0;    0;    0;    0;    0;    0;    0;27.1800;0.0000;    0;    0
2017-06-19 14:55:01;0.0000;66.9200;    0;    0;    0;    0;    0;    0;    0;27.6700;0.0000;    0;    0
2017-06-19 14:56:01;0.0000;66.9200;    0;    0;    0;    0;    0;    0;    0;27.8600;0.0000;    0;    0
2017-06-19 14:57:01;0.0000;66.9200;    0;    0;    0;    0;    0;    0;    0;28.0600;0.0000;    0;    0
2017-06-19 14:58:01;0.0000;66.9200;    0;    0;    0;    0;    0;    0;    0;28.0600;0.0000;    0;    0
2017-06-19 14:59:01;0.0000;66.9200;    0;    0;    0;    0;    0;    0;    0;28.0600;0.0000;    0;    0
2017-06-19 15:00:01;0.0000;66.9200;    0;    0;    0;    0;    0;    0;    0;27.7700;0.0000;    0;    0
2017-06-19 15:01:01;0.0000;66.9200;    0;    0;    0;    0;    0;    0;    0;28.3700;0.0000;    0;    0
2017-06-19 15:02:01;0.0000;66.9200;    0;    0;    0;    0;    0;    0;    0;29.0700;0.0000;    0;    0
2017-06-19 15:03:01;0.0000;66.9200;    0;    0;    0;    0;    0;    0;    0;29.2800;0.0000;    0;    0
2017-06-19 15:04:01;0.0000;66.9200;    0;    0;    0;    0;    0;    0;    0;27.9600;0.0000;    0;    0
2017-06-19 15:05:01;0.0000;66.9200;    0;    0;    0;    0;    0;    0;    0;28.1600;0.0000;    0;    0
2017-06-19 15:06:01;0.0000;66.9200;    0;    0;    0;    0;    0;    0;    0;27.6700;0.0000;    0;    0
2017-06-19 15:07:01;0.0000;66.9200;    0;    0;    0;    0;    0;    0;    0;27.7700;0.0000;    0;    0
2017-06-19 15:08:01;0.0000;66.9200;    0;    0;    0;    0;    0;    0;    0;27.9600;0.0000;    0;    0
2017-06-19 15:09:01;0.0000;66.9200;    0;    0;    0;    0;    0;    0;    0;27.4700;0.0000;    0;    0
2017-06-19 15:10:01;0.0000;66.9200;    0;    0;    0;    0;    0;    0;    0;27.7700;0.0000;    0;    0
2017-06-19 15:11:01;0.0000;66.9200;    0;    0;    0;    0;    0;    0;    0;27.9600;0.0000;    0;    0
2017-06-19 15:12:01;0.0000;66.9200;    0;    0;    0;    0;    0;    0;    0;28.7700;0.0000;    0;    1
2017-06-19 15:13:01;0.0000;66.9200;    0;    0;    0;    0;    0;    0;    0;28.7700;0.0000;    0;    0
2017-06-19 15:14:01;0.0000;66.9200;    0;    0;    0;    0;    0;    0;    0;28.3700;0.0000;    0;    2
2017-06-19 15:15:01;0.0000;66.9200;    0;    0;    0;    0;    0;    0;    0;28.8700;0.0000;    0;    1
2017-06-19 15:16:01;0.0000;66.9200;    0;    0;    0;    0;    0;    0;    0;28.6700;0.0000;    0;    0
2017-06-19 15:17:01;0.0000;66.9200;    0;    0;    0;    0;    0;    0;    0;28.6700;0.0000;    0;    0
2017-06-19 15:18:01;0.0000;66.9200;    0;    0;    0;    0;    0;    0;    0;28.7700;0.0000;    0;    0
2017-06-19 15:19:01;0.0000;66.9200;    0;    0;    0;    0;    0;    0;    0;29.0700;0.0000;    0;    0
2017-06-19 15:20:01;0.0000;66.9200;    0;    0;    0;    0;    0;    0;    0;29.1800;0.0000;    0;    0
2017-06-19 15:21:01;0.0000;66.9200;    0;    0;    0;    0;    0;    0;    0;29.8000;0.0000;    0;    0
2017-06-19 15:22:01;0.0000;66.9200;    0;    0;    0;    0;    0;    0;    0;29.4900;0.0000;    0;    0
2017-06-19 15:23:01;0.0000;66.9200;    0;    0;    0;    0;    0;    0;    0;29.5900;0.0000;    0;    0
2017-06-19 15:24:01;0.0000;66.9200;    0;    0;    0;    0;    0;    0;    0;29.1800;0.0000;    0;    0
2017-06-19 15:25:01;0.0000;66.9200;    0;    0;    0;    0;    0;    0;    0;28.7700;0.0000;    0;    0
2017-06-19 15:26:01;0.0000;66.9200;    0;    0;    0;    0;    0;    0;    0;28.4700;0.0000;    0;    0
2017-06-19 15:27:01;0.0000;66.9200;    0;    0;    0;    0;    0;    0;    0;28.5700;0.0000;    0;    0
2017-06-19 15:28:01;0.0000;66.9200;    0;    0;    0;    0;    0;    0;    0;28.5700;0.0000;    0;    0
2017-06-19 15:29:01;0.0000;66.9200;    0;    0;    0;    0;    0;    0;    0;28.2700;0.0000;    0;    0
2017-06-19 15:30:01;0.0000;66.9200;    0;    0;    0;    0;    0;    0;    0;28.1600;0.0000;    0;    0
2017-06-19 15:31:01;0.0000;66.9200;    0;    0;    0;    0;    0;    0;    0;28.1600;0.0000;    0;    0
2017-06-19 15:32:01;0.0000;66.9200;    0;    0;    0;    0;    0;    0;    0;26.8800;0.0000;    0;    0
2017-06-19 15:33:01;0.0000;66.9200;    0;    0;    0;    0;    0;    0;    0;26.8800;0.0000;    0;    0
2017-06-19 15:34:01;0.0000;66.9200;    0;    0;    0;    0;    0;    0;    0;28.2700;0.0000;    0;    0
2017-06-19 15:35:01;0.0000;66.9200;    0;    0;    0;    0;    0;    0;    0;29.2800;0.0000;    0;    0
2017-06-19 15:36:01;0.0000;66.9200;    0;    0;    0;    0;    0;    0;    0;29.0700;0.0000;    0;    0
2017-06-19 15:37:01;0.0000;66.9200;    0;    0;    0;    0;    0;    0;    0;28.4700;0.0000;    0;    0
2017-06-19 15:38:01;0.0000;66.9200;    0;    0;    0;    0;    0;    0;    0;27.0800;0.0000;    0;    0
2017-06-19 15:39:01;0.0000;66.9200;    0;    0;    0;    0;    0;    0;    0;26.7900;0.0000;    0;    0
2017-06-19 15:40:01;0.0000;66.9200;    0;    0;    0;    0;    0;    0;    0;26.7900;0.0000;    0;    0
2017-06-19 15:41:01;0.0000;66.9200;    0;    0;    0;    0;    0;    0;    0;26.3000;0.0000;    0;    0
2017-06-19 15:42:01;0.0000;66.9200;    0;    0;    0;    0;    0;    0;    0;26.1100;0.0000;    0;    0
2017-06-19 15:43:01;0.0000;66.9200;    0;    0;    0;    0;    0;    0;    0;27.2700;0.0000;    0;    0
2017-06-19 15:44:01;0.0000;66.9200;    0;    0;    0;    0;    0;    0;    0;28.6700;0.0000;    0;    0
2017-06-19 15:45:01;0.0000;66.9200;    0;    0;    0;    0;    0;    0;    0;29.3900;0.0000;    0;    0
2017-06-19 15:46:01;0.0000;66.9200;    0;    0;    0;    0;    0;    0;    0;29.9000;0.0000;    0;    0
2017-06-19 15:47:01;0.0000;66.9200;    0;    0;    0;    0;    0;    0;    0;29.4900;0.0000;    0;    0
2017-06-19 15:48:01;0.0000;66.9200;    0;    0;    0;    0;    0;    0;    0;29.8000;0.0000;    0;    0
2017-06-19 15:49:01;0.0000;66.9200;    0;    0;    0;    0;    0;    0;    0;27.8600;0.0000;    0;    0
2017-06-19 15:50:01;0.0000;66.9200;    0;    0;    0;    0;    0;    0;    0;27.9600;0.0000;    0;    0
2017-06-19 15:51:01;0.0000;66.9200;    0;    0;    0;    0;    0;    0;    0;29.3900;0.0000;    0;    0
2017-06-19 15:52:01;0.0000;66.9200;    0;    0;    0;    0;    0;    0;    0;29.4900;0.0000;    0;    0
2017-06-19 15:53:01;0.0000;66.9200;    0;    0;    0;    0;    0;    0;    0;30.2200;0.0000;    0;    0
2017-06-19 15:54:01;0.0000;66.9200;    0;    0;    0;    0;    0;    0;    0;28.1600;0.0000;    0;    0
2017-06-19 15:55:01;0.0000;66.9200;    0;    0;    0;    0;    0;    0;    0;27.1800;0.0000;    0;    0
2017-06-19 15:56:01;0.0000;66.9200;    0;    0;    0;    0;    0;    0;    0;26.6900;0.0000;    0;    0
2017-06-19 15:57:01;0.0000;66.9200;    0;    0;    0;    0;    0;    0;    0;26.4000;0.0000;    0;    0
2017-06-19 15:58:01;0.0000;66.9200;    0;    0;    0;    0;    0;    0;    0;26.1100;0.0000;    0;    0
2017-06-19 15:59:01;0.0000;66.9200;    0;    0;    0;    0;    0;    0;    0;26.1100;0.0000;    0;    0
2017-06-19 16:00:01;0.0000;66.9200;    0;    0;    0;    0;    0;    0;    0;25.9200;0.0000;    0;    0
2017-06-19 16:01:01;0.0000;66.9200;    0;    0;    0;    0;    0;    0;    0;25.9200;0.0000;    0;    0
2017-06-19 16:02:01;0.0000;66.9200;    0;    0;    0;    0;    0;    0;    0;25.6400;0.0000;    0;    0
2017-06-19 16:03:01;0.0000;66.9200;    0;    0;    0;    0;    0;    0;    0;25.7300;0.0000;    0;    0
2017-06-19 16:04:01;0.0000;66.9200;    0;    0;    0;    0;    0;    0;    0;25.4500;0.0000;    0;    0
2017-06-19 16:05:01;0.0000;66.9200;    0;    0;    0;    0;    0;    0;    0;25.4500;0.0000;    0;    0
2017-06-19 16:06:01;0.0000;66.9200;    0;    0;    0;    0;    0;    0;    0;25.3600;0.0000;    0;    0
2017-06-19 16:07:01;0.0000;66.9200;    0;    0;    0;    0;    0;    0;    0;25.2600;0.0000;    0;    0
2017-06-19 16:08:01;0.0000;66.9200;    0;    0;    0;    0;    0;    0;    0;25.1700;0.0000;    0;    0
2017-06-19 16:09:01;0.0000;66.9200;    0;    0;    0;    0;    0;    0;    0;25.1700;0.0000;    0;    0
2017-06-19 16:10:01;0.0000;66.9200;    0;    0;    0;    0;    0;    0;    0;25.0700;0.0000;    0;    0
2017-06-19 16:11:01;0.0000;66.9200;    0;    0;    0;    0;    0;    0;    0;24.8800;0.0000;    0;    0
2017-06-19 16:12:01;0.0000;66.9200;    0;    0;    0;    0;    0;    0;    0;24.8800;0.0000;    0;    0
2017-06-19 16:13:01;0.0000;66.9200;    0;    0;    0;    0;    0;    0;    0;24.7900;0.0000;    0;    0
2017-06-19 16:14:01;0.0000;66.9200;    0;    0;    0;    0;    0;    0;    0;24.7900;0.0000;    0;    0
2017-06-19 16:15:01;0.0000;66.9200;    0;    0;    0;    0;    0;    0;    0;24.7000;0.0000;    0;    0
2017-06-19 16:16:01;0.0000;66.9200;    0;    0;    0;    0;    0;    0;    0;24.7000;0.0000;    0;    0
2017-06-19 16:17:01;0.0000;66.9200;    0;    0;    0;    0;    0;    0;    0;24.6100;0.0000;    0;    0
2017-06-19 16:18:01;0.0000;66.9200;    0;    0;    0;    0;    0;    0;    0;24.6100;0.0000;    0;    0
2017-06-19 16:19:01;0.0000;66.9200;    0;    0;    0;    0;    0;    0;    0;24.6100;0.0000;    0;    0
2017-06-19 16:20:01;0.0000;66.9200;    0;    0;    0;    0;    0;    0;    0;24.5200;0.0000;    0;    0
2017-06-19 16:21:01;0.0000;66.9200;    0;    0;    0;    0;    0;    0;    0;24.5200;0.0000;    0;    0
2017-06-19 16:22:01;0.0000;66.9200;    0;    0;    0;    0;    0;    0;    0;24.3300;0.0000;    0;    0
2017-06-19 16:23:01;0.0000;66.9200;    0;    0;    0;    0;    0;    0;    0;24.2400;0.0000;    0;    0
2017-06-19 16:24:01;0.0000;66.9200;    0;    0;    0;    0;    0;    0;    0;24.1400;0.0000;    0;    0
2017-06-19 16:25:01;0.0000;66.9200;    0;    0;    0;    0;    0;    0;    0;23.9600;0.0000;    0;    0
2017-06-19 16:26:01;0.0000;66.9200;    0;    0;    0;    0;    0;    0;    0;23.8700;0.0000;    0;    0
2017-06-19 16:27:01;0.0000;66.9200;    0;    0;    0;    0;    0;    0;    0;23.8700;0.0000;    0;    0
2017-06-19 16:28:01;0.0000;66.9200;    0;    0;    0;    0;    0;    0;    0;23.7800;0.0000;    0;    0
2017-06-19 16:29:01;0.0000;66.9200;    0;    0;    0;    0;    0;    0;    0;23.7800;0.0000;    0;    0
2017-06-19 16:30:01;0.0000;66.9200;    0;    0;    0;    0;    0;    0;    0;23.6900;0.0000;    0;    0
2017-06-19 16:31:01;0.0000;66.9200;    0;    0;    0;    0;    0;    0;    0;23.6900;0.0000;    0;    0
2017-06-19 16:32:01;0.0000;66.9200;    0;    0;    0;    0;    0;    0;    0;23.6000;0.0000;    0;    0
2017-06-19 16:33:01;0.0000;66.9200;    0;    0;    0;    0;    0;    0;    0;23.6000;0.0000;    0;    0
2017-06-19 16:34:01;0.0000;66.9200;    0;    0;    0;    0;    0;    0;    0;23.6900;0.0000;    0;    0
2017-06-19 16:35:01;0.0000;66.9200;    0;    0;    0;    0;    0;    0;    0;23.5100;0.0000;    0;    0
2017-06-19 16:36:01;0.0000;66.9200;    0;    0;    0;    0;    0;    0;    0;23.5100;0.0000;    0;    0
2017-06-19 16:37:01;0.0000;66.9200;    0;    0;    0;    0;    0;    0;    0;23.5100;0.0000;    0;    0
2017-06-19 16:38:01;0.0000;66.9200;    0;    0;    0;    0;    0;    0;    0;23.4200;0.0000;    0;    0
2017-06-19 16:39:01;0.0000;66.9200;    0;    0;    0;    0;    0;    0;    0;23.4200;0.0000;    0;    0
2017-06-19 16:40:01;0.0000;66.9200;    0;    0;    0;    0;    0;    0;    0;23.4200;0.0000;    0;    0
2017-06-19 16:41:01;0.0000;66.9200;    0;    0;    0;    0;    0;    0;    0;23.4200;0.0000;    0;    1
2017-06-19 16:42:01;0.0000;66.9200;    0;    0;    0;    0;    0;    0;    0;23.3300;0.0000;    0;    0
2017-06-19 16:43:01;0.0000;66.9200;    0;    0;    0;    0;    0;    0;    0;23.3300;0.0000;    0;    0
2017-06-19 16:44:01;0.0000;66.9200;    0;    0;    0;    0;    0;    0;    0;23.2400;0.0000;    0;    0
2017-06-19 16:45:01;0.0000;66.9200;    0;    0;    0;    0;    0;    0;    0;23.1400;0.0000;    0;    0
2017-06-19 16:46:01;0.0000;66.9200;    0;    0;    0;    0;    0;    0;    0;23.2400;0.0000;    0;    0
2017-06-19 16:47:01;0.0000;66.9200;    0;    0;    0;    0;    0;    0;    0;23.2400;0.0000;    0;    0
2017-06-19 16:48:01;0.0000;66.9200;    0;    0;    0;    0;    0;    0;    0;23.2400;0.0000;    0;    0
2017-06-19 16:49:01;0.0000;66.9200;    0;    0;    0;    0;    0;    0;    0;23.2400;0.0000;    0;    0
2017-06-19 16:50:01;0.0000;66.9200;    0;    0;    0;    0;    0;    0;    0;23.2400;0.0000;    0;    0
2017-06-19 16:51:01;0.0000;66.9200;    0;    0;    0;    0;    0;    0;    0;23.1400;0.0000;    0;    0
2017-06-19 16:52:01;0.0000;66.9200;    0;    0;    0;    0;    0;    0;    0;23.0500;0.0000;    0;    0
2017-06-19 16:53:01;0.0000;66.9200;    0;    0;    0;    0;    0;    0;    0;23.0500;0.0000;    0;    0
2017-06-19 16:54:01;0.0000;66.9200;    0;    0;    0;    0;    0;    0;    0;22.9600;0.0000;    0;    0
2017-06-19 16:55:01;0.0000;66.9200;    0;    0;    0;    0;    0;    0;    0;22.9600;0.0000;    0;    0
2017-06-19 16:56:01;0.0000;66.9200;    0;    0;    0;    0;    0;    0;    0;22.9600;0.0000;    0;    0
2017-06-19 16:57:01;0.0000;66.9200;    0;    0;    0;    0;    0;    0;    0;22.9600;0.0000;    0;    0
2017-06-19 16:58:01;0.0000;66.9200;    0;    0;    0;    0;    0;    0;    0;22.8700;0.0000;    0;    0
2017-06-19 16:59:01;0.0000;66.9200;    0;    0;    0;    0;    0;    0;    0;22.8700;0.0000;    0;    0
2017-06-19 17:00:01;0.0000;66.9200;    0;    0;    0;    0;    0;    0;    0;22.8700;0.0000;    0;    0
2017-06-19 17:01:01;0.0000;66.9200;    0;    0;    0;    0;    0;    0;    0;22.8700;0.0000;    0;    0
2017-06-19 17:02:01;0.0000;66.9200;    0;    0;    0;    0;    0;    0;    0;22.8700;0.0000;    0;    0
2017-06-19 17:03:01;0.0000;66.9200;    0;    0;    0;    0;    0;    0;    0;22.9600;0.0000;    0;    0
2017-06-19 17:04:01;0.0000;66.9200;    0;    0;    0;    0;    0;    0;    0;22.8700;0.0000;    0;    0
2017-06-19 17:05:01;0.0000;66.9200;    0;    0;    0;    0;    0;    0;    0;22.7900;0.0000;    0;    0
2017-06-19 17:06:01;0.0000;66.9200;    0;    0;    0;    0;    0;    0;    0;22.7900;0.0000;    0;    0
2017-06-19 17:07:01;0.0000;66.9200;    0;    0;    0;    0;    0;    0;    0;22.8700;0.0000;    0;    0
2017-06-19 17:08:01;0.0000;66.9200;    0;    0;    0;    0;    0;    0;    0;22.8700;0.0000;    0;    0
2017-06-19 17:09:01;0.0000;66.9200;    0;    0;    0;    0;    0;    0;    0;22.8700;0.0000;    0;    0
2017-06-19 17:10:01;0.0000;66.9200;    0;    0;    0;    0;    0;    0;    0;22.8700;0.0000;    0;    0
2017-06-19 17:11:01;0.0000;66.9200;    0;    0;    0;    0;    0;    0;    0;22.9600;0.0000;    0;    0
2017-06-19 17:12:01;0.0000;66.9200;    0;    0;    0;    0;    0;    0;    0;22.8700;0.0000;    0;    0
2017-06-19 17:13:01;0.0000;66.9200;    0;    0;    0;    0;    0;    0;    0;22.9600;0.0000;    0;    0
2017-06-19 17:14:01;0.0000;66.9200;    0;    0;    0;    0;    0;    0;    0;23.0500;0.0000;    0;    0
2017-06-19 17:15:01;0.0000;66.9200;    0;    0;    0;    0;    0;    0;    0;22.9600;0.0000;    0;    0
2017-06-19 17:16:01;0.0000;66.9200;    0;    0;    0;    0;    0;    0;    0;22.8700;0.0000;    0;    0
2017-06-19 17:17:01;0.0000;66.9200;    0;    0;    0;    0;    0;    0;    0;22.7900;0.0000;    0;    0
2017-06-19 17:18:01;0.0000;66.9200;    0;    0;    0;    0;    0;    0;    0;22.7900;0.0000;    0;    0
2017-06-19 17:19:01;0.0000;66.9200;    0;    0;    0;    0;    0;    0;    0;22.8700;0.0000;    0;    0
2017-06-19 17:20:01;0.0000;66.9200;    0;    0;    0;    0;    0;    0;    0;22.7900;0.0000;    0;    0
2017-06-19 17:21:01;0.0000;66.9200;    0;    0;    0;    0;    0;    0;    0;22.7900;0.0000;    0;    0
2017-06-19 17:22:01;0.0000;66.9200;    0;    0;    0;    0;    0;    0;    0;22.8700;0.0000;    0;    0
2017-06-19 17:23:01;0.0000;66.9200;    0;    0;    0;    0;    0;    0;    0;22.8700;0.0000;    0;    0
2017-06-19 17:24:01;0.0000;66.9200;    0;    0;    0;    0;    0;    0;    0;22.7900;0.0000;    0;    0
2017-06-19 17:25:01;0.0000;66.9200;    0;    0;    0;    0;    0;    0;    0;22.8700;0.0000;    0;    0
2017-06-19 17:26:01;0.0000;66.9200;    0;    0;    0;    0;    0;    0;    0;22.6100;0.0000;    0;    0
2017-06-19 17:27:01;0.0000;66.9200;    0;    0;    0;    0;    0;    0;    0;22.5200;0.0000;    0;    0
2017-06-19 17:28:01;0.0000;66.9200;    0;    0;    0;    0;    0;    0;    0;22.5200;0.0000;    0;    0
2017-06-19 17:29:01;0.0000;66.9200;    0;    0;    0;    0;    0;    0;    0;22.4300;0.0000;    0;    0
2017-06-19 17:30:01;0.0000;66.9200;    0;    0;    0;    0;    0;    0;    0;22.3400;0.0000;    0;    0
2017-06-19 17:31:01;0.0000;66.9200;    0;    0;    0;    0;    0;    0;    0;22.4300;0.0000;    0;    0
2017-06-19 17:32:01;0.0000;66.9200;    0;    0;    0;    0;    0;    0;    0;22.4300;0.0000;    0;    0
2017-06-19 17:33:01;0.0000;66.9200;    0;    0;    0;    0;    0;    0;    0;22.4300;0.0000;    0;    0
2017-06-19 17:34:01;0.0000;66.9200;    0;    0;    0;    0;    0;    0;    0;22.4300;0.0000;    0;    0
2017-06-19 17:35:01;0.0000;66.9200;    0;    0;    0;    0;    0;    0;    0;22.4300;0.0000;    0;    0
2017-06-19 17:36:01;0.0000;66.9200;    0;    0;    0;    0;    0;    0;    0;22.4300;0.0000;    0;    0
2017-06-19 17:37:01;0.0000;66.9200;    0;    0;    0;    0;    0;    0;    0;22.4300;0.0000;    0;    0
2017-06-19 17:38:01;0.0000;66.9200;    0;    0;    0;    0;    0;    0;    0;22.3400;0.0000;    0;    0
2017-06-19 17:39:01;0.0000;66.9200;    0;    0;    0;    0;    0;    0;    0;22.3400;0.0000;    0;    0
2017-06-19 17:40:01;0.0000;66.9200;    0;    0;    0;    0;    0;    0;    0;22.3400;0.0000;    0;    0
2017-06-19 17:41:01;0.0000;66.9200;    0;    0;    0;    0;    0;    0;    0;22.3400;0.0000;    0;    0
2017-06-19 17:42:01;0.0000;66.9200;    0;    0;    0;    0;    0;    0;    0;22.3400;0.0000;    0;    0
2017-06-19 17:43:01;0.0000;66.9200;    0;    0;    0;    0;    0;    0;    0;22.3400;0.0000;    0;    0
2017-06-19 17:44:01;0.0000;66.9200;    0;    0;    0;    0;    0;    0;    0;22.3400;0.0000;    0;    0
2017-06-19 17:45:01;0.0000;66.9200;    0;    0;    0;    0;    0;    0;    0;22.2500;0.0000;    0;    0
2017-06-19 17:46:01;0.0000;66.9200;    0;    0;    0;    0;    0;    0;    0;22.3400;0.0000;    0;    0
2017-06-19 17:47:01;0.0000;66.9200;    0;    0;    0;    0;    0;    0;    0;22.2500;0.0000;    0;    0
2017-06-19 17:48:01;0.0000;66.9200;    0;    0;    0;    0;    0;    0;    0;22.2500;0.0000;    0;    0
2017-06-19 17:49:01;0.0000;66.9200;    0;    0;    0;    0;    0;    0;    0;22.2500;0.0000;    0;    0
2017-06-19 17:50:01;0.0000;66.9200;    0;    0;    0;    0;    0;    0;    0;22.1600;0.0000;    0;    0
2017-06-19 17:51:01;0.0000;66.9200;    0;    0;    0;    0;    0;    0;    0;22.1600;0.0000;    0;    0
2017-06-19 17:52:01;0.0000;66.9200;    0;    0;    0;    0;    0;    0;    0;21.8100;0.0000;    0;    0
2017-06-19 17:53:01;0.0000;66.9200;    0;    0;    0;    0;    0;    0;    0;21.4600;0.0000;    0;    0
2017-06-19 17:54:01;0.0000;66.9200;    0;    0;    0;    0;    0;    0;    0;21.2000;0.0000;    0;    0
2017-06-19 17:55:01;0.0000;66.9200;    0;    0;    0;    0;    0;    0;    0;20.4200;0.0000;    0;    0
2017-06-19 17:56:01;0.0000;66.9200;    0;    0;    0;    0;    0;    0;    0;20.0700;0.0000;    0;    0
2017-06-19 17:57:01;0.0000;66.9200;    0;    0;    0;    0;    0;    0;    0;20.1600;0.0000;    0;    0
2017-06-19 17:58:01;0.0000;66.9200;    0;    0;    0;    0;    0;    0;    0;20.0700;0.0000;    0;    0
2017-06-19 17:59:01;0.0000;66.9200;    0;    0;    0;    0;    0;    0;    0;20.0700;0.0000;    0;    0
2017-06-19 18:00:01;0.0000;66.9200;    0;    0;    0;    0;    0;    0;    0;20.2500;0.0000;    0;    0
2017-06-19 18:01:01;0.0000;66.9200;    0;    0;    0;    0;    0;    0;    0;20.5900;0.0000;    0;    0
2017-06-19 18:02:01;0.0000;66.9200;    0;    0;    0;    0;    0;    0;    0;20.6800;0.0000;    0;    0
2017-06-19 18:03:01;0.0000;66.9200;    0;    0;    0;    0;    0;    0;    0;20.6800;0.0000;    0;    0
2017-06-19 18:04:01;0.0000;66.9200;    0;    0;    0;    0;    0;    0;    0;20.9300;0.0000;    0;    0
2017-06-19 18:05:01;0.0000;66.9200;    0;    0;    0;    0;    0;    0;    0;20.7600;0.0000;    0;    0
2017-06-19 18:06:01;0.0000;66.9200;    0;    0;    0;    0;    0;    0;    0;20.5900;0.0000;    0;    0
2017-06-19 18:07:01;0.0000;66.9200;    0;    0;    0;    0;    0;    0;    0;20.5900;0.0000;    0;    0
2017-06-19 18:08:01;0.0000;66.9200;    0;    0;    0;    0;    0;    0;    0;20.6800;0.0000;    0;    0
2017-06-19 18:09:01;0.0000;66.9200;    0;    0;    0;    0;    0;    0;    0;20.4200;0.0000;    0;    0
2017-06-19 18:10:01;0.0000;66.9200;    0;    0;    0;    0;    0;    0;    0;20.4200;0.0000;    0;    0
2017-06-19 18:11:01;0.0000;66.9200;    0;    0;    0;    0;    0;    0;    0;20.3300;0.0000;    0;    0
2017-06-19 18:12:01;0.0000;66.9200;    0;    0;    0;    0;    0;    0;    0;20.5900;0.0000;    0;    0
2017-06-19 18:13:01;0.0000;66.9200;    0;    0;    0;    0;    0;    0;    0;20.6800;0.0000;    0;    0
2017-06-19 18:14:01;0.0000;66.9200;    0;    0;    0;    0;    0;    0;    0;20.6800;0.0000;    0;    0
2017-06-19 18:15:01;0.0000;66.9200;    0;    0;    0;    0;    0;    0;    0;20.5900;0.0000;    0;    0
2017-06-19 18:16:01;0.0000;66.9200;    0;    0;    0;    0;    0;    0;    0;20.3300;0.0000;    0;    0
2017-06-19 18:17:01;0.0000;66.9200;    0;    0;    0;    0;    0;    0;    0;20.2500;0.0000;    0;    0
2017-06-19 18:18:01;0.0000;66.9200;    0;    0;    0;    0;    0;    0;    0;20.6800;0.0000;    0;    0
2017-06-19 18:19:01;0.0000;66.9200;    0;    0;    0;    0;    0;    0;    0;20.8500;0.0000;    0;    0
2017-06-19 18:20:01;0.0000;66.9200;    0;    0;    0;    0;    0;    0;    0;20.5100;0.0000;    0;    0
2017-06-19 18:21:01;0.0000;66.9200;    0;    0;    0;    0;    0;    0;    0;20.3300;0.0000;    0;    0
2017-06-19 18:22:01;0.0000;66.9200;    0;    0;    0;    0;    0;    0;    0;20.3300;0.0000;    0;    0
2017-06-19 18:23:01;0.0000;66.9200;    0;    0;    0;    0;    0;    0;    0;20.4200;0.0000;    0;    0
2017-06-19 18:24:01;0.0000;66.9200;    0;    0;    0;    0;    0;    0;    0;20.4200;0.0000;    0;    0
2017-06-19 18:25:01;0.0000;66.9200;    0;    0;    0;    0;    0;    0;    0;20.4200;0.0000;    0;    0
2017-06-19 18:26:01;0.0000;66.9200;    0;    0;    0;    0;    0;    0;    0;20.4200;0.0000;    0;    0
2017-06-19 18:27:01;0.0000;66.9200;    0;    0;    0;    0;    0;    0;    0;20.2500;0.0000;    0;    0
2017-06-19 18:28:01;0.0000;66.9200;    0;    0;    0;    0;    0;    0;    0;20.3300;0.0000;    0;    0
2017-06-19 18:29:01;0.0000;66.9200;    0;    0;    0;    0;    0;    0;    0;20.3300;0.0000;    0;    0
2017-06-19 18:30:01;0.0000;66.9200;    0;    0;    0;    0;    0;    0;    0;20.1600;0.0000;    0;    0
2017-06-19 18:31:01;0.0000;66.9200;    0;    0;    0;    0;    0;    0;    0;20.2500;0.0000;    0;    0
2017-06-19 18:32:01;0.0000;66.9200;    0;    0;    0;    0;    0;    0;    0;20.1600;0.0000;    0;    0
2017-06-19 18:33:01;0.0000;66.9200;    0;    0;    0;    0;    0;    0;    0;20.1600;0.0000;    0;    0
2017-06-19 18:34:01;0.0000;66.9200;    0;    0;    0;    0;    0;    0;    0;20.1600;0.0000;    0;    0
2017-06-19 18:35:01;0.0000;66.9200;    0;    0;    0;    0;    0;    0;    0;20.3300;0.0000;    0;    0
2017-06-19 18:36:01;0.0000;66.9200;    0;    0;    0;    0;    0;    0;    0;20.5100;0.0000;    0;    0
2017-06-19 18:37:01;0.0000;66.9200;    0;    0;    0;    0;    0;    0;    0;20.5900;0.0000;    0;    0
2017-06-19 18:38:01;0.0000;66.9200;    0;    0;    0;    0;    0;    0;    0;20.4200;0.0000;    0;    0
2017-06-19 18:39:01;0.0000;66.9200;    0;    0;    0;    0;    0;    0;    0;20.4200;0.0000;    0;    0
2017-06-19 18:40:01;0.0000;66.9200;    0;    0;    0;    0;    0;    0;    0;20.2500;0.0000;    0;    0
2017-06-19 18:41:01;0.0000;66.9200;    0;    0;    0;    0;    0;    0;    0;20.3300;0.0000;    0;    0
2017-06-19 18:42:01;0.0000;66.9200;    0;    0;    0;    0;    0;    0;    0;20.3300;0.0000;    0;    0
2017-06-19 18:43:01;0.0000;66.9200;    0;    0;    0;    0;    0;    0;    0;20.3300;0.0000;    0;    0
2017-06-19 18:44:01;0.0000;66.9200;    0;    0;    0;    0;    0;    0;    0;20.3300;0.0000;    0;    0
2017-06-19 18:45:01;0.0000;66.9200;    0;    0;    0;    0;    0;    0;    0;20.3300;0.0000;    0;    0
2017-06-19 18:46:01;0.0000;66.9200;    0;    0;    0;    0;    0;    0;    0;20.3300;0.0000;    0;    0
2017-06-19 18:47:01;0.0000;66.9200;    0;    0;    0;    0;    0;    0;    0;20.5100;0.0000;    0;    0
2017-06-19 18:48:01;0.0000;66.9200;    0;    0;    0;    0;    0;    0;    0;20.5100;0.0000;    0;    0
2017-06-19 18:49:01;0.0000;66.9200;    0;    0;    0;    0;    0;    0;    0;20.5900;0.0000;    0;    0
2017-06-19 18:50:01;0.0000;66.9200;    0;    0;    0;    0;    0;    0;    0;20.5900;0.0000;    0;    0
2017-06-19 18:51:01;0.0000;66.9200;    0;    0;    0;    0;    0;    0;    0;20.6800;0.0000;    0;    0
2017-06-19 18:52:01;0.0000;66.9200;    0;    0;    0;    0;    0;    0;    0;20.8500;0.0000;    0;    0
2017-06-19 18:53:01;0.0000;66.9200;    0;    0;    0;    0;    0;    0;    0;21.0200;0.0000;    0;    0
2017-06-19 18:54:01;0.0000;66.9200;    0;    0;    0;    0;    0;    0;    0;21.2000;0.0000;    0;    0
2017-06-19 18:55:01;0.0000;66.9200;    0;    0;    0;    0;    0;    0;    0;21.3700;0.0000;    0;    0
2017-06-19 18:56:01;0.0000;66.9200;    0;    0;    0;    0;    0;    0;    0;21.3700;0.0000;    0;    0
2017-06-19 18:57:01;0.0000;66.9200;    0;    0;    0;    0;    0;    0;    0;21.2000;0.0000;    0;    0
2017-06-19 18:58:01;0.0000;66.9200;    0;    0;    0;    0;    0;    0;    0;20.9300;0.0000;    0;    0
2017-06-19 18:59:01;0.0000;66.9200;    0;    0;    0;    0;    0;    0;    0;20.7600;0.0000;    0;    0
2017-06-19 19:00:01;0.0000;66.9200;    0;    0;    0;    0;    0;    0;    0;20.9300;0.0000;    0;    0
2017-06-19 19:01:01;0.0000;66.9200;    0;    0;    0;    0;    0;    0;    0;21.3700;0.0000;    0;    0
2017-06-19 19:02:01;0.0000;66.9200;    0;    0;    0;    0;    0;    0;    0;21.8100;0.0000;    0;    0
2017-06-19 19:03:01;0.0000;66.9200;    0;    0;    0;    0;    0;    0;    0;21.8100;0.0000;    0;    0
2017-06-19 19:04:01;0.0000;66.9200;    0;    0;    0;    0;    0;    0;    0;21.7200;0.0000;    0;    0
2017-06-19 19:05:01;0.0000;66.9200;    0;    0;    0;    0;    0;    0;    0;21.6400;0.0000;    0;    0
2017-06-19 19:06:01;0.0000;66.9200;    0;    0;    0;    0;    0;    0;    0;21.4600;0.0000;    0;    0
2017-06-19 19:07:01;0.0000;66.9200;    0;    0;    0;    0;    0;    0;    0;21.3700;0.0000;    0;    0
2017-06-19 19:08:01;0.0000;66.9200;    0;    0;    0;    0;    0;    0;    0;21.2900;0.0000;    0;    0
2017-06-19 19:09:01;0.0000;66.9200;    0;    0;    0;    0;    0;    0;    0;21.2000;0.0000;    0;    0
2017-06-19 19:10:01;0.0000;66.9200;    0;    0;    0;    0;    0;    0;    0;21.1100;0.0000;    0;    0
2017-06-19 19:11:01;0.0000;66.9200;    0;    0;    0;    0;    0;    0;    0;21.1100;0.0000;    0;    0
2017-06-19 19:12:01;0.0000;66.9200;    0;    0;    0;    0;    0;    0;    0;21.0200;0.0000;    0;    0
2017-06-19 19:13:01;0.0000;66.9200;    0;    0;    0;    0;    0;    0;    0;20.9300;0.0000;    0;    0
2017-06-19 19:14:01;0.0000;66.9200;    0;    0;    0;    0;    0;    0;    0;21.0200;0.0000;    0;    0
2017-06-19 19:15:01;0.0000;66.9200;    0;    0;    0;    0;    0;    0;    0;20.9300;0.0000;    0;    0
2017-06-19 19:16:01;0.0000;66.9200;    0;    0;    0;    0;    0;    0;    0;20.9300;0.0000;    0;    0
2017-06-19 19:17:01;0.0000;66.9200;    0;    0;    0;    0;    0;    0;    0;21.0200;0.0000;    0;    0
2017-06-19 19:18:01;0.0000;66.9200;    0;    0;    0;    0;    0;    0;    0;21.0200;0.0000;    0;    0
2017-06-19 19:19:01;0.0000;66.9200;    0;    0;    0;    0;    0;    0;    0;20.8500;0.0000;    0;    0
2017-06-19 19:20:01;0.0000;66.9200;    0;    0;    0;    0;    0;    0;    0;20.9300;0.0000;    0;    0
2017-06-19 19:21:01;0.0000;66.9200;    0;    0;    0;    0;    0;    0;    0;21.1100;0.0000;    0;    0
2017-06-19 19:22:01;0.0000;66.9200;    0;    0;    0;    0;    0;    0;    0;21.2000;0.0000;    0;    0
2017-06-19 19:23:01;0.0000;66.9200;    0;    0;    0;    0;    0;    0;    0;21.2000;0.0000;    0;    0
2017-06-19 19:24:01;0.0000;66.9200;    0;    0;    0;    0;    0;    0;    0;21.0200;0.0000;    0;    0
2017-06-19 19:25:01;0.0000;66.9200;    0;    0;    0;    0;    0;    0;    0;21.0200;0.0000;    0;    0
2017-06-19 19:26:01;0.0000;66.9200;    0;    0;    0;    0;    0;    0;    0;21.2000;0.0000;    0;    0
2017-06-19 19:27:01;0.0000;66.9200;    0;    0;    0;    0;    0;    0;    0;21.0200;0.0000;    0;    0
2017-06-19 19:28:01;0.0000;66.9200;    0;    0;    0;    0;    0;    0;    0;21.0200;0.0000;    0;    0
2017-06-19 19:29:01;0.0000;66.9200;    0;    0;    0;    0;    0;    0;    0;21.0200;0.0000;    0;    0
2017-06-19 19:30:01;0.0000;66.9200;    0;    0;    0;    0;    0;    0;    0;20.5900;0.0000;    0;    0
2017-06-19 19:31:01;0.0000;66.9200;    0;    0;    0;    0;    0;    0;    0;20.5900;0.0000;    0;    0
2017-06-19 19:32:01;0.0000;66.9200;    0;    0;    0;    0;    0;    0;    0;20.6800;0.0000;    0;    0
2017-06-19 19:33:01;0.0000;66.9200;    0;    0;    0;    0;    0;    0;    0;20.5900;0.0000;    0;    0
2017-06-19 19:34:01;0.0000;66.9200;    0;    0;    0;    0;    0;    0;    0;20.3300;0.0000;    0;    0
2017-06-19 19:35:01;0.0000;66.9200;    0;    0;    0;    0;    0;    0;    0;19.9000;0.0000;    0;    0
2017-06-19 19:36:01;0.0000;66.9200;    0;    0;    0;    0;    0;    0;    0;19.7400;0.0000;    0;    0
2017-06-19 19:37:01;0.0000;66.9200;    0;    0;    0;    0;    0;    0;    0;20.0700;0.0000;    0;    0
2017-06-19 19:38:01;0.0000;66.9200;    0;    0;    0;    0;    0;    0;    0;20.3300;0.0000;    0;    1
2017-06-19 19:39:01;0.0000;66.9200;    0;    0;    0;    0;    0;    0;    0;20.3300;0.0000;    0;    0
2017-06-19 19:40:01;0.0000;66.9200;    0;    0;    0;    0;    0;    0;    0;20.4200;0.0000;    0;    0
2017-06-19 19:41:01;0.0000;66.9200;    0;    0;    0;    0;    0;    0;    0;20.4200;0.0000;    0;    0
2017-06-19 19:42:01;0.0000;66.9200;    0;    0;    0;    0;    0;    0;    0;20.5900;0.0000;    0;    0
2017-06-19 19:43:01;0.0000;66.9200;    0;    0;    0;    0;    0;    0;    0;20.5900;0.0000;    0;    0
2017-06-19 19:44:01;0.0000;66.9200;    0;    0;    0;    0;    0;    0;    0;20.5900;0.0000;    0;    0
2017-06-19 19:45:01;0.0000;66.9200;    0;    0;    0;    0;    0;    0;    0;20.4200;0.0000;    0;    0
2017-06-19 19:46:01;0.0000;66.9200;    0;    0;    0;    0;    0;    0;    0;20.2500;0.0000;    0;    0
2017-06-19 19:47:01;0.0000;66.9200;    0;    0;    0;    0;    0;    0;    0;19.9000;0.0000;    0;    0
2017-06-19 19:48:01;0.0000;66.9200;    0;    0;    0;    0;    0;    0;    0;19.5700;0.0000;    0;    0
2017-06-19 19:49:01;0.0000;66.9200;    0;    0;    0;    0;    0;    0;    0;19.4800;0.0000;    0;    0
2017-06-19 19:50:01;0.0000;66.9200;    0;    0;    0;    0;    0;    0;    0;19.4000;0.0000;    0;    0
2017-06-19 19:51:01;0.0000;66.9200;    0;    0;    0;    0;    0;    0;    0;19.0600;0.0000;    0;    0
2017-06-19 19:52:01;0.0000;66.9200;    0;    0;    0;    0;    0;    0;    0;18.9700;0.0000;    0;    0
2017-06-19 19:53:01;0.0000;66.9200;    0;    0;    0;    0;    0;    0;    0;18.6400;0.0000;    0;    0
2017-06-19 19:54:01;0.0000;66.9200;    0;    0;    0;    0;    0;    0;    0;18.8100;0.0000;    0;    0
2017-06-19 19:55:01;0.0000;66.9200;    0;    0;    0;    0;    0;    0;    0;18.9700;0.0000;    0;    0
2017-06-19 19:56:01;0.0000;66.9200;    0;    0;    0;    0;    0;    0;    0;19.0600;0.0000;    0;    0
2017-06-19 19:57:01;0.0000;66.9200;    0;    0;    0;    0;    0;    0;    0;19.1400;0.0000;    0;    0
2017-06-19 19:58:01;0.0000;66.9200;    0;    0;    0;    0;    0;    0;    0;19.1400;0.0000;    0;    0
2017-06-19 19:59:01;0.0000;66.9200;    0;    0;    0;    0;    0;    0;    0;19.0600;0.0000;    0;    0
2017-06-19 20:00:01;0.0000;66.9200;    0;    0;    0;    0;    0;    0;    0;18.9700;0.0000;    0;    0
2017-06-19 20:01:01;0.0000;66.9200;    0;    0;    0;    0;    0;    0;    0;18.9700;0.0000;    0;    0
2017-06-19 20:02:01;0.0000;66.9200;    0;    0;    0;    0;    0;    0;    0;18.8100;0.0000;    0;    0
2017-06-19 20:03:01;0.0000;66.9200;    0;    0;    0;    0;    0;    0;    0;18.8100;0.0000;    0;    0
2017-06-19 20:04:01;0.0000;66.9200;    0;    0;    0;    0;    0;    0;    0;18.9700;0.0000;    0;    0
2017-06-19 20:05:01;0.0000;66.9200;    0;    0;    0;    0;    0;    0;    0;18.8100;0.0000;    0;    0
2017-06-19 20:06:01;0.0000;66.9200;    0;    0;    0;    0;    0;    0;    0;18.5600;0.0000;    0;    0
2017-06-19 20:07:01;0.0000;66.9200;    0;    0;    0;    0;    0;    0;    0;18.5600;0.0000;    0;    0
2017-06-19 20:08:01;0.0000;66.9200;    0;    0;    0;    0;    0;    0;    0;18.4800;0.0000;    0;    0
2017-06-19 20:09:01;0.0000;66.9200;    0;    0;    0;    0;    0;    0;    0;18.7200;0.0000;    0;    0
2017-06-19 20:10:01;0.0000;66.9200;    0;    0;    0;    0;    0;    0;    0;18.8900;0.0000;    0;    0
2017-06-19 20:11:01;0.0000;66.9200;    0;    0;    0;    0;    0;    0;    0;19.0600;0.0000;    0;    0
2017-06-19 20:12:01;0.0000;66.9200;    0;    0;    0;    0;    0;    0;    0;19.3100;0.0000;    0;    0
2017-06-19 20:13:01;0.0000;66.9200;    0;    0;    0;    0;    0;    0;    0;19.2300;0.0000;    0;    0
2017-06-19 20:14:01;0.0000;66.9200;    0;    0;    0;    0;    0;    0;    0;19.2300;0.0000;    0;    0
2017-06-19 20:15:01;0.0000;66.9200;    0;    0;    0;    0;    0;    0;    0;19.2300;0.0000;    0;    0
2017-06-19 20:16:01;0.0000;66.9200;    0;    0;    0;    0;    0;    0;    0;19.2300;0.0000;    0;    0
2017-06-19 20:17:01;0.0000;66.9200;    0;    0;    0;    0;    0;    0;    0;19.1400;0.0000;    0;    0
2017-06-19 20:18:01;0.0000;66.9200;    0;    0;    0;    0;    0;    0;    0;19.2300;0.0000;    0;    0
2017-06-19 20:19:01;0.0000;66.9200;    0;    0;    0;    0;    0;    0;    0;19.2300;0.0000;    0;    0
2017-06-19 20:20:01;0.0000;66.9200;    0;    0;    0;    0;    0;    0;    0;19.2300;0.0000;    0;    0
2017-06-19 20:21:01;0.0000;66.9200;    0;    0;    0;    0;    0;    0;    0;19.2300;0.0000;    0;    0
2017-06-19 20:22:01;0.0000;66.9200;    0;    0;    0;    0;    0;    0;    0;19.2300;0.0000;    0;    0
2017-06-19 20:23:01;0.0000;66.9200;    0;    0;    0;    0;    0;    0;    0;19.4000;0.0000;    0;    0
2017-06-19 20:24:01;0.0000;66.9200;    0;    0;    0;    0;    0;    0;    0;19.4000;0.0000;    0;    0
2017-06-19 20:25:01;0.0000;66.9200;    0;    0;    0;    0;    0;    0;    0;18.6400;0.0000;    0;    0
2017-06-19 20:26:01;0.0000;66.9200;    0;    0;    0;    0;    0;    0;    0;17.8900;0.0000;    0;    0
2017-06-19 20:27:01;0.0000;66.9200;    0;    0;    0;    0;    0;    0;    0;18.0600;0.0000;    0;    0
2017-06-19 20:28:01;0.0000;66.9200;    0;    0;    0;    0;    0;    0;    0;18.2200;0.0000;    0;    0
2017-06-19 20:29:01;0.0000;66.9200;    0;    0;    0;    0;    0;    0;    0;17.9700;0.0000;    0;    0
2017-06-19 20:30:01;0.0000;66.9200;    0;    0;    0;    0;    0;    0;    0;17.7300;0.0000;    0;    0
2017-06-19 20:31:01;0.0000;66.9200;    0;    0;    0;    0;    0;    0;    0;17.6500;0.0000;    0;    0
2017-06-19 20:32:01;0.0000;66.9200;    0;    0;    0;    0;    0;    0;    0;17.8900;0.0000;    0;    0
2017-06-19 20:33:01;0.0000;66.9200;    0;    0;    0;    0;    0;    0;    0;18.0600;0.0000;    0;    0
2017-06-19 20:34:01;0.0000;66.9200;    0;    0;    0;    0;    0;    0;    0;17.7300;0.0000;    0;    0
2017-06-19 20:35:01;0.0000;66.9200;    0;    0;    0;    0;    0;    0;    0;17.5700;0.0000;    0;    0
2017-06-19 20:36:01;0.0000;66.9200;    0;    0;    0;    0;    0;    0;    0;17.6500;0.0000;    0;    0
2017-06-19 20:37:01;0.0000;66.9200;    0;    0;    0;    0;    0;    0;    0;17.8100;0.0000;    0;    0
2017-06-19 20:38:01;0.0000;66.9200;    0;    0;    0;    0;    0;    0;    0;17.8100;0.0000;    0;    0
2017-06-19 20:39:01;0.0000;66.9200;    0;    0;    0;    0;    0;    0;    0;17.8100;0.0000;    0;    0
2017-06-19 20:40:01;0.0000;66.9200;    0;    0;    0;    0;    0;    0;    0;17.7300;0.0000;    0;    0
2017-06-19 20:41:01;0.0000;66.9200;    0;    0;    0;    0;    0;    0;    0;17.6500;0.0000;    0;    0
2017-06-19 20:42:01;0.0000;66.9200;    0;    0;    0;    0;    0;    0;    0;17.5700;0.0000;    0;    0
2017-06-19 20:43:01;0.0000;66.9200;    0;    0;    0;    0;    0;    0;    0;17.4000;0.0000;    0;    0
2017-06-19 20:44:01;0.0000;66.9200;    0;    0;    0;    0;    0;    0;    0;17.7300;0.0000;    0;    0
2017-06-19 20:45:01;0.0000;66.9200;    0;    0;    0;    0;    0;    0;    0;17.6500;0.0000;    0;    0
2017-06-19 20:46:01;0.0000;66.9200;    0;    0;    0;    0;    0;    0;    0;17.6500;0.0000;    0;    0
2017-06-19 20:47:01;0.0000;66.9200;    0;    0;    0;    0;    0;    0;    0;18.1400;0.0000;    0;    0
2017-06-19 20:48:01;0.0000;66.9200;    0;    0;    0;    0;    0;    0;    0;18.0600;0.0000;    0;    0
2017-06-19 20:49:01;0.0000;66.9200;    0;    0;    0;    0;    0;    0;    0;18.1400;0.0000;    0;    0
2017-06-19 20:50:01;0.0000;66.9200;    0;    0;    0;    0;    0;    0;    0;18.2200;0.0000;    0;    0
2017-06-19 20:51:01;0.0000;66.9200;    0;    0;    0;    0;    0;    0;    0;18.4800;0.0000;    0;    0
2017-06-19 20:52:01;0.0000;66.9200;    0;    0;    0;    0;    0;    0;    0;18.4800;0.0000;    0;    0
2017-06-19 20:53:01;0.0000;66.9200;    0;    0;    0;    0;    0;    0;    0;18.5600;0.0000;    0;    0
2017-06-19 20:54:01;0.0000;66.9200;    0;    0;    0;    0;    0;    0;    0;18.3900;0.0000;    0;    0
2017-06-19 20:55:01;0.0000;66.9200;    0;    0;    0;    0;    0;    0;    0;18.3100;0.0000;    0;    0
2017-06-19 20:56:01;0.0000;66.9200;    0;    0;    0;    0;    0;    0;    0;18.4800;0.0000;    0;    0
2017-06-19 20:57:01;0.0000;66.9200;    0;    0;    0;    0;    0;    0;    0;18.4800;0.0000;    0;    0
2017-06-19 20:58:01;0.0000;66.9200;    0;    0;    0;    0;    0;    0;    0;18.6400;0.0000;    0;    0
2017-06-19 20:59:01;0.0000;66.9200;    0;    0;    0;    0;    0;    0;    0;18.5600;0.0000;    0;    0
2017-06-19 21:00:01;0.0000;66.9200;    0;    0;    0;    0;    0;    0;    0;18.4800;0.0000;    0;    0
2017-06-19 21:01:01;0.0000;66.9200;    0;    0;    0;    0;    0;    0;    0;18.4800;0.0000;    0;    0
2017-06-19 21:02:01;0.0000;66.9200;    0;    0;    0;    0;    0;    0;    0;18.3900;0.0000;    0;    0
2017-06-19 21:03:01;0.0000;66.9200;    0;    0;    0;    0;    0;    0;    0;18.3900;0.0000;    0;    0
2017-06-19 21:04:01;0.0000;66.9200;    0;    0;    0;    0;    0;    0;    0;18.1400;0.0000;    0;    0
2017-06-19 21:05:01;0.0000;66.9200;    0;    0;    0;    0;    0;    0;    0;18.0600;0.0000;    0;    0
2017-06-19 21:06:01;0.0000;66.9200;    0;    0;    0;    0;    0;    0;    0;18.1400;0.0000;    0;    0
2017-06-19 21:07:01;0.0000;66.9200;    0;    0;    0;    0;    0;    0;    0;17.9700;0.0000;    0;    0
2017-06-19 21:08:01;0.0000;66.9200;    0;    0;    0;    0;    0;    0;    0;17.9700;0.0000;    0;    0
2017-06-19 21:09:01;0.0000;66.9200;    0;    0;    0;    0;    0;    0;    0;17.8900;0.0000;    0;    0
2017-06-19 21:10:01;0.0000;66.9200;    0;    0;    0;    0;    0;    0;    0;17.8900;0.0000;    0;    0
2017-06-19 21:11:01;0.0000;66.9200;    0;    0;    0;    0;    0;    0;    0;17.8100;0.0000;    0;    0
2017-06-19 21:12:01;0.0000;66.9200;    0;    0;    0;    0;    0;    0;    0;17.6500;0.0000;    0;    0
2017-06-19 21:13:01;0.0000;66.9200;    0;    0;    0;    0;    0;    0;    0;17.8900;0.0000;    0;    0
2017-06-19 21:14:01;0.0000;66.9200;    0;    0;    0;    0;    0;    0;    0;17.8900;0.0000;    0;    0
2017-06-19 21:15:01;0.0000;66.9200;    0;    0;    0;    0;    0;    0;    0;17.9700;0.0000;    0;    0
2017-06-19 21:16:01;0.0000;66.9200;    0;    0;    0;    0;    0;    0;    0;17.9700;0.0000;    0;    0
2017-06-19 21:17:01;0.0000;66.9200;    0;    0;    0;    0;    0;    0;    0;18.0600;0.0000;    0;    0
2017-06-19 21:18:01;0.0000;66.9200;    0;    0;    0;    0;    0;    0;    0;17.9700;0.0000;    0;    0
2017-06-19 21:19:01;0.0000;66.9200;    0;    0;    0;    0;    0;    0;    0;17.9700;0.0000;    0;    0
2017-06-19 21:20:01;0.0000;66.9200;    0;    0;    0;    0;    0;    0;    0;17.8900;0.0000;    0;    0
2017-06-19 21:21:01;0.0000;66.9200;    0;    0;    0;    0;    0;    0;    0;17.8100;0.0000;    0;    0
2017-06-19 21:22:01;0.0000;66.9200;    0;    0;    0;    0;    0;    0;    0;17.8100;0.0000;    0;    0
2017-06-19 21:23:01;0.0000;66.9200;    0;    0;    0;    0;    0;    0;    0;17.7300;0.0000;    0;    0
2017-06-19 21:24:01;0.0000;66.9200;    0;    0;    0;    0;    0;    0;    0;17.7300;0.0000;    0;    0
2017-06-19 21:25:01;0.0000;66.9200;    0;    0;    0;    0;    0;    0;    0;17.7300;0.0000;    0;    0
2017-06-19 21:26:01;0.0000;66.9200;    0;    0;    0;    0;    0;    0;    0;17.7300;0.0000;    0;    0
2017-06-19 21:27:01;0.0000;66.9200;    0;    0;    0;    0;    0;    0;    0;17.7300;0.0000;    0;    0
2017-06-19 21:28:01;0.0000;66.9200;    0;    0;    0;    0;    0;    0;    0;17.7300;0.0000;    0;    0
2017-06-19 21:29:01;0.0000;66.9200;    0;    0;    0;    0;    0;    0;    0;17.8100;0.0000;    0;    0
2017-06-19 21:30:01;0.0000;66.9200;    0;    0;    0;    0;    0;    0;    0;17.7300;0.0000;    0;    0
2017-06-19 21:31:01;0.0000;66.9200;    0;    0;    0;    0;    0;    0;    0;17.5700;0.0000;    0;    0
2017-06-19 21:32:01;0.0000;66.9200;    0;    0;    0;    0;    0;    0;    0;17.5700;0.0000;    0;    0
2017-06-19 21:33:01;0.0000;66.9200;    0;    0;    0;    0;    0;    0;    0;17.5700;0.0000;    0;    0
2017-06-19 21:34:01;0.0000;66.9200;    0;    0;    0;    0;    0;    0;    0;17.4800;0.0000;    0;    0
2017-06-19 21:35:01;0.0000;66.9200;    0;    0;    0;    0;    0;    0;    0;17.4800;0.0000;    0;    0
2017-06-19 21:36:01;0.0000;66.9200;    0;    0;    0;    0;    0;    0;    0;17.4800;0.0000;    0;    0
2017-06-19 21:37:01;0.0000;66.9200;    0;    0;    0;    0;    0;    0;    0;17.4000;0.0000;    0;    0
2017-06-19 21:38:01;0.0000;66.9200;    0;    0;    0;    0;    0;    0;    0;17.4000;0.0000;    0;    0
2017-06-19 21:39:01;0.0000;66.9200;    0;    0;    0;    0;    0;    0;    0;17.4800;0.0000;    0;    0
2017-06-19 21:40:01;0.0000;66.9200;    0;    0;    0;    0;    0;    0;    0;17.4800;0.0000;    0;    0
2017-06-19 21:41:01;0.0000;66.9200;    0;    0;    0;    0;    0;    0;    0;17.4800;0.0000;    0;    0
2017-06-19 21:42:01;0.0000;66.9200;    0;    0;    0;    0;    0;    0;    0;17.5700;0.0000;    0;    0
2017-06-19 21:43:01;0.0000;66.9200;    0;    0;    0;    0;    0;    0;    0;17.4800;0.0000;    0;    0
2017-06-19 21:44:01;0.0000;66.9200;    0;    0;    0;    0;    0;    0;    0;17.3200;0.0000;    0;    0
2017-06-19 21:45:01;0.0000;66.9200;    0;    0;    0;    0;    0;    0;    0;17.2400;0.0000;    0;    0
2017-06-19 21:46:01;0.0000;66.9200;    0;    0;    0;    0;    0;    0;    0;17.3200;0.0000;    0;    0
2017-06-19 21:47:01;0.0000;66.9200;    0;    0;    0;    0;    0;    0;    0;17.4000;0.0000;    0;    0
2017-06-19 21:48:01;0.0000;66.9200;    0;    0;    0;    0;    0;    0;    0;17.3200;0.0000;    0;    0
2017-06-19 21:49:01;0.0000;66.9200;    0;    0;    0;    0;    0;    0;    0;17.2400;0.0000;    0;    0
2017-06-19 21:50:01;0.0000;66.9200;    0;    0;    0;    0;    0;    0;    0;17.1500;0.0000;    0;    0
2017-06-19 21:51:01;0.0000;66.9200;    0;    0;    0;    0;    0;    0;    0;17.2400;0.0000;    0;    0
2017-06-19 21:52:01;0.0000;66.9200;    0;    0;    0;    0;    0;    0;    0;17.4800;0.0000;    0;    0
2017-06-19 21:53:01;0.0000;66.9200;    0;    0;    0;    0;    0;    0;    0;17.4800;0.0000;    0;    0
2017-06-19 21:54:01;0.0000;66.9200;    0;    0;    0;    0;    0;    0;    0;17.4000;0.0000;    0;    0
2017-06-19 21:55:01;0.0000;66.9200;    0;    0;    0;    0;    0;    0;    0;17.4000;0.0000;    0;    0
2017-06-19 21:56:01;0.0000;66.9200;    0;    0;    0;    0;    0;    0;    0;17.4800;0.0000;    0;    0
2017-06-19 21:57:01;0.0000;66.9200;    0;    0;    0;    0;    0;    0;    0;17.4800;0.0000;    0;    0
2017-06-19 21:58:01;0.0000;66.9200;    0;    0;    0;    0;    0;    0;    0;17.5700;0.0000;    0;    0
2017-06-19 21:59:01;0.0000;66.9200;    0;    0;    0;    0;    0;    0;    0;17.6500;0.0000;    0;    0
2017-06-19 22:00:01;0.0000;66.9200;    0;    0;    0;    0;    0;    0;    0;17.5700;0.0000;    0;    0
2017-06-19 22:01:01;0.0000;66.9200;    0;    0;    0;    0;    0;    0;    0;17.4000;0.0000;    0;    0
2017-06-19 22:02:01;0.0000;66.9200;    0;    0;    0;    0;    0;    0;    0;17.1500;0.0000;    0;    0
2017-06-19 22:03:01;0.0000;66.9200;    0;    0;    0;    0;    0;    0;    0;16.9900;0.0000;    0;    0
2017-06-19 22:04:01;0.0000;66.9200;    0;    0;    0;    0;    0;    0;    0;17.1500;0.0000;    0;    0
2017-06-19 22:05:01;0.0000;66.9200;    0;    0;    0;    0;    0;    0;    0;17.2400;0.0000;    0;    0
2017-06-19 22:06:01;0.0000;66.9200;    0;    0;    0;    0;    0;    0;    0;17.2400;0.0000;    0;    0
2017-06-19 22:07:01;0.0000;66.9200;    0;    0;    0;    0;    0;    0;    0;17.2400;0.0000;    0;    0
2017-06-19 22:08:01;0.0000;66.9200;    0;    0;    0;    0;    0;    0;    0;17.0700;0.0000;    0;    0
2017-06-19 22:09:01;0.0000;66.9200;    0;    0;    0;    0;    0;    0;    0;16.9900;0.0000;    0;    0
2017-06-19 22:10:01;0.0000;66.9200;    0;    0;    0;    0;    0;    0;    0;16.9900;0.0000;    0;    0
2017-06-19 22:11:01;0.0000;66.9200;    0;    0;    0;    0;    0;    0;    0;16.9900;0.0000;    0;    0
2017-06-19 22:12:01;0.0000;66.9200;    0;    0;    0;    0;    0;    0;    0;16.9900;0.0000;    0;    0
2017-06-19 22:13:01;0.0000;66.9200;    0;    0;    0;    0;    0;    0;    0;17.0700;0.0000;    0;    0
2017-06-19 22:14:01;0.0000;66.9200;    0;    0;    0;    0;    0;    0;    0;17.0700;0.0000;    0;    0
2017-06-19 22:15:01;0.0000;66.9200;    0;    0;    0;    0;    0;    0;    0;17.2400;0.0000;    0;    0
2017-06-19 22:16:01;0.0000;66.9200;    0;    0;    0;    0;    0;    0;    0;17.3200;0.0000;    0;    0
2017-06-19 22:17:01;0.0000;66.9200;    0;    0;    0;    0;    0;    0;    0;17.3200;0.0000;    0;    0
2017-06-19 22:18:01;0.0000;66.9200;    0;    0;    0;    0;    0;    0;    0;17.2400;0.0000;    0;    0
2017-06-19 22:19:01;0.0000;66.9200;    0;    0;    0;    0;    0;    0;    0;17.2400;0.0000;    0;    0
2017-06-19 22:20:01;0.0000;66.9200;    0;    0;    0;    0;    0;    0;    0;17.1500;0.0000;    0;    0
2017-06-19 22:21:01;0.0000;66.9200;    0;    0;    0;    0;    0;    0;    0;17.1500;0.0000;    0;    0
2017-06-19 22:22:01;0.0000;66.9200;    0;    0;    0;    0;    0;    0;    0;17.1500;0.0000;    0;    0
2017-06-19 22:23:01;0.0000;66.9200;    0;    0;    0;    0;    0;    0;    0;17.1500;0.0000;    0;    0
2017-06-19 22:24:01;0.0000;66.9200;    0;    0;    0;    0;    0;    0;    0;17.2400;0.0000;    0;    0
2017-06-19 22:25:01;0.0000;66.9200;    0;    0;    0;    0;    0;    0;    0;17.3200;0.0000;    0;    0
2017-06-19 22:26:01;0.0000;66.9200;    0;    0;    0;    0;    0;    0;    0;17.2400;0.0000;    0;    0
2017-06-19 22:27:01;0.0000;66.9200;    0;    0;    0;    0;    0;    0;    0;17.1500;0.0000;    0;    0
2017-06-19 22:28:01;0.0000;66.9200;    0;    0;    0;    0;    0;    0;    0;17.1500;0.0000;    0;    0
2017-06-19 22:29:01;0.0000;66.9200;    0;    0;    0;    0;    0;    0;    0;17.1500;0.0000;    0;    0
2017-06-19 22:30:01;0.0000;66.9200;    0;    0;    0;    0;    0;    0;    0;17.0700;0.0000;    0;    0
2017-06-19 22:31:01;0.0000;66.9200;    0;    0;    0;    0;    0;    0;    0;17.0700;0.0000;    0;    0
2017-06-19 22:32:01;0.0000;66.9200;    0;    0;    0;    0;    0;    0;    0;17.0700;0.0000;    0;    0
2017-06-19 22:33:01;0.0000;66.9200;    0;    0;    0;    0;    0;    0;    0;17.0700;0.0000;    0;    0
2017-06-19 22:34:01;0.0000;66.9200;    0;    0;    0;    0;    0;    0;    0;17.0700;0.0000;    0;    0
2017-06-19 22:35:01;0.0000;66.9200;    0;    0;    0;    0;    0;    0;    0;17.1500;0.0000;    0;    0
2017-06-19 22:36:01;0.0000;66.9200;    0;    0;    0;    0;    0;    0;    0;17.1500;0.0000;    0;    0
2017-06-19 22:37:01;0.0000;66.9200;    0;    0;    0;    0;    0;    0;    0;17.1500;0.0000;    0;    0
2017-06-19 22:38:01;0.0000;66.9200;    0;    0;    0;    0;    0;    0;    0;17.1500;0.0000;    0;    0
2017-06-19 22:39:01;0.0000;66.9200;    0;    0;    0;    0;    0;    0;    0;17.1500;0.0000;    0;    0
2017-06-19 22:40:01;0.0000;66.9200;    0;    0;    0;    0;    0;    0;    0;17.1500;0.0000;    0;    0
2017-06-19 22:41:01;0.0000;66.9200;    0;    0;    0;    0;    0;    0;    0;17.1500;0.0000;    0;    0
2017-06-19 22:42:01;0.0000;66.9200;    0;    0;    0;    0;    0;    0;    0;17.1500;0.0000;    0;    0
2017-06-19 22:43:01;0.0000;66.9200;    0;    0;    0;    0;    0;    0;    0;17.1500;0.0000;    0;    0
2017-06-19 22:44:01;0.0000;66.9200;    0;    0;    0;    0;    0;    0;    0;17.1500;0.0000;    0;    0
2017-06-19 22:45:01;0.0000;66.9200;    0;    0;    0;    0;    0;    0;    0;17.1500;0.0000;    0;    0
2017-06-19 22:46:01;0.0000;66.9200;    0;    0;    0;    0;    0;    0;    0;17.0700;0.0000;    0;    0
2017-06-19 22:47:01;0.0000;66.9200;    0;    0;    0;    0;    0;    0;    0;17.0700;0.0000;    0;    0
2017-06-19 22:48:01;0.0000;66.9200;    0;    0;    0;    0;    0;    0;    0;17.0700;0.0000;    0;    0
2017-06-19 22:49:01;0.0000;66.9200;    0;    0;    0;    0;    0;    0;    0;17.0700;0.0000;    0;    0
2017-06-19 22:50:01;0.0000;66.9200;    0;    0;    0;    0;    0;    0;    0;17.0700;0.0000;    0;    0
2017-06-19 22:51:01;0.0000;66.9200;    0;    0;    0;    0;    0;    0;    0;17.0700;0.0000;    0;    0
2017-06-19 22:52:01;0.0000;66.9200;    0;    0;    0;    0;    0;    0;    0;17.0700;0.0000;    0;    0
2017-06-19 22:53:01;0.0000;66.9200;    0;    0;    0;    0;    0;    0;    0;17.0700;0.0000;    0;    0
2017-06-19 22:54:01;0.0000;66.9200;    0;    0;    0;    0;    0;    0;    0;17.0700;0.0000;    0;    0
2017-06-19 22:55:01;0.0000;66.9200;    0;    0;    0;    0;    0;    0;    0;17.0700;0.0000;    0;    0
2017-06-19 22:56:01;0.0000;66.9200;    0;    0;    0;    0;    0;    0;    0;17.0700;0.0000;    0;    0
2017-06-19 22:57:01;0.0000;66.9200;    0;    0;    0;    0;    0;    0;    0;16.9900;0.0000;    0;    0
2017-06-19 22:58:01;0.0000;66.9200;    0;    0;    0;    0;    0;    0;    0;16.9900;0.0000;    0;    0
2017-06-19 22:59:01;0.0000;66.9200;    0;    0;    0;    0;    0;    0;    0;16.9900;0.0000;    0;    0
2017-06-19 23:00:01;0.0000;66.9200;    0;    0;    0;    0;    0;    0;    0;16.9900;0.0000;    0;    0
2017-06-19 23:01:01;0.0000;66.9200;    0;    0;    0;    0;    0;    0;    0;16.9900;0.0000;    0;    0
2017-06-19 23:02:01;0.0000;66.9200;    0;    0;    0;    0;    0;    0;    0;16.9900;0.0000;    0;    0
2017-06-19 23:03:01;0.0000;66.9200;    0;    0;    0;    0;    0;    0;    0;16.9100;0.0000;    0;    0
2017-06-19 23:04:01;0.0000;66.9200;    0;    0;    0;    0;    0;    0;    0;16.9100;0.0000;    0;    0
2017-06-19 23:05:01;0.0000;66.9200;    0;    0;    0;    0;    0;    0;    0;17.0700;0.0000;    0;    0
2017-06-19 23:06:01;0.0000;66.9200;    0;    0;    0;    0;    0;    0;    0;16.9900;0.0000;    0;    0
2017-06-19 23:07:01;0.0000;66.9200;    0;    0;    0;    0;    0;    0;    0;16.9900;0.0000;    0;    0
2017-06-19 23:08:01;0.0000;66.9200;    0;    0;    0;    0;    0;    0;    0;16.9900;0.0000;    0;    0
2017-06-19 23:09:01;0.0000;66.9200;    0;    0;    0;    0;    0;    0;    0;16.9100;0.0000;    0;    0
2017-06-19 23:10:01;0.0000;66.9200;    0;    0;    0;    0;    0;    0;    0;16.9100;0.0000;    0;    0
2017-06-19 23:11:01;0.0000;66.9200;    0;    0;    0;    0;    0;    0;    0;16.9100;0.0000;    0;    0
2017-06-19 23:12:01;0.0000;66.9200;    0;    0;    0;    0;    0;    0;    0;16.9100;0.0000;    0;    0
2017-06-19 23:13:01;0.0000;66.9200;    0;    0;    0;    0;    0;    0;    0;16.8300;0.0000;    0;    0
2017-06-19 23:14:01;0.0000;66.9200;    0;    0;    0;    0;    0;    0;    0;16.8300;0.0000;    0;    0
2017-06-19 23:15:01;0.0000;66.9200;    0;    0;    0;    0;    0;    0;    0;16.7500;0.0000;    0;    0
2017-06-19 23:16:01;0.0000;66.9200;    0;    0;    0;    0;    0;    0;    0;16.8300;0.0000;    0;    0
2017-06-19 23:17:01;0.0000;66.9200;    0;    0;    0;    0;    0;    0;    0;16.8300;0.0000;    0;    0
2017-06-19 23:18:01;0.0000;66.9200;    0;    0;    0;    0;    0;    0;    0;16.8300;0.0000;    0;    0
2017-06-19 23:19:01;0.0000;66.9200;    0;    0;    0;    0;    0;    0;    0;16.7500;0.0000;    0;    0
2017-06-19 23:20:01;0.0000;66.9200;    0;    0;    0;    0;    0;    0;    0;16.7500;0.0000;    0;    0
2017-06-19 23:21:01;0.0000;66.9200;    0;    0;    0;    0;    0;    0;    0;16.7500;0.0000;    0;    0
2017-06-19 23:22:01;0.0000;66.9200;    0;    0;    0;    0;    0;    0;    0;16.6700;0.0000;    0;    0
2017-06-19 23:23:01;0.0000;66.9200;    0;    0;    0;    0;    0;    0;    0;16.5900;0.0000;    0;    0
2017-06-19 23:24:01;0.0000;66.9200;    0;    0;    0;    0;    0;    0;    0;16.5900;0.0000;    0;    0
2017-06-19 23:25:01;0.0000;66.9200;    0;    0;    0;    0;    0;    0;    0;16.6700;0.0000;    0;    0
2017-06-19 23:26:01;0.0000;66.9200;    0;    0;    0;    0;    0;    0;    0;16.6700;0.0000;    0;    0
2017-06-19 23:27:01;0.0000;66.9200;    0;    0;    0;    0;    0;    0;    0;16.6700;0.0000;    0;    0
2017-06-19 23:28:01;0.0000;66.9200;    0;    0;    0;    0;    0;    0;    0;16.6700;0.0000;    0;    0
2017-06-19 23:29:01;0.0000;66.9200;    0;    0;    0;    0;    0;    0;    0;16.6700;0.0000;    0;    0
2017-06-19 23:30:01;0.0000;66.9200;    0;    0;    0;    0;    0;    0;    0;16.6700;0.0000;    0;    0
2017-06-19 23:31:01;0.0000;66.9200;    0;    0;    0;    0;    0;    0;    0;16.7500;0.0000;    0;    0
2017-06-19 23:32:01;0.0000;66.9200;    0;    0;    0;    0;    0;    0;    0;16.7500;0.0000;    0;    0
2017-06-19 23:33:01;0.0000;66.9200;    0;    0;    0;    0;    0;    0;    0;16.7500;0.0000;    0;    0
2017-06-19 23:34:01;0.0000;66.9200;    0;    0;    0;    0;    0;    0;    0;16.7500;0.0000;    0;    0
2017-06-19 23:35:01;0.0000;66.9200;    0;    0;    0;    0;    0;    0;    0;16.7500;0.0000;    0;    0
2017-06-19 23:36:01;0.0000;66.9200;    0;    0;    0;    0;    0;    0;    0;16.7500;0.0000;    0;    0
2017-06-19 23:37:01;0.0000;66.9200;    0;    0;    0;    0;    0;    0;    0;16.7500;0.0000;    0;    0
2017-06-19 23:38:01;0.0000;66.9200;    0;    0;    0;    0;    0;    0;    0;16.6700;0.0000;    0;    0
2017-06-19 23:39:01;0.0000;66.9200;    0;    0;    0;    0;    0;    0;    0;16.7500;0.0000;    0;    0
2017-06-19 23:40:01;0.0000;66.9200;    0;    0;    0;    0;    0;    0;    0;16.6700;0.0000;    0;    0
2017-06-19 23:41:01;0.0000;66.9200;    0;    0;    0;    0;    0;    0;    0;16.7500;0.0000;    0;    0
2017-06-19 23:42:01;0.0000;66.9200;    0;    0;    0;    0;    0;    0;    0;16.7500;0.0000;    0;    0
2017-06-19 23:43:01;0.0000;66.9200;    0;    0;    0;    0;    0;    0;    0;16.8300;0.0000;    0;    0
2017-06-19 23:44:01;0.0000;66.9200;    0;    0;    0;    0;    0;    0;    0;16.8300;0.0000;    0;    0
2017-06-19 23:45:01;0.0000;66.9200;    0;    0;    0;    0;    0;    0;    0;16.9100;0.0000;    0;    0
2017-06-19 23:46:01;0.0000;66.9200;    0;    0;    0;    0;    0;    0;    0;16.9100;0.0000;    0;    0
2017-06-19 23:47:01;0.0000;66.9200;    0;    0;    0;    0;    0;    0;    0;16.9900;0.0000;    0;    0
2017-06-19 23:48:01;0.0000;66.9200;    0;    0;    0;    0;    0;    0;    0;16.9900;0.0000;    0;    0
2017-06-19 23:49:01;0.0000;66.9200;    0;    0;    0;    0;    0;    0;    0;16.9900;0.0000;    0;    0
2017-06-19 23:50:01;0.0000;66.9200;    0;    0;    0;    0;    0;    0;    0;17.0700;0.0000;    0;    0
2017-06-19 23:51:01;0.0000;66.9200;    0;    0;    0;    0;    0;    0;    0;16.9900;0.0000;    0;    0
2017-06-19 23:52:01;0.0000;66.9200;    0;    0;    0;    0;    0;    0;    0;16.9100;0.0000;    0;    0
2017-06-19 23:53:01;0.0000;66.9200;    0;    0;    0;    0;    0;    0;    0;16.9900;0.0000;    0;    0
2017-06-19 23:54:01;0.0000;66.9200;    0;    0;    0;    0;    0;    0;    0;16.9900;0.0000;    0;    0
2017-06-19 23:55:01;0.0000;66.9200;    0;    0;    0;    0;    0;    0;    0;16.9100;0.0000;    0;    0
2017-06-19 23:56:01;0.0000;66.9200;    0;    0;    0;    0;    0;    0;    0;16.9900;0.0000;    0;    0
2017-06-19 23:57:01;0.0000;66.9200;    0;    0;    0;    0;    0;    0;    0;16.9900;0.0000;    0;    0
2017-06-19 23:58:01;0.0000;66.9200;    0;    0;    0;    0;    0;    0;    0;16.9900;0.0000;    0;    0
2017-06-19 23:59:01;0.0000;66.9200;    0;    0;    0;    0;    0;    0;    0;16.9900;0.0000;    0;    0
