WARNING: TIME INFORMATION IS LOCALTIME  ;;;;;;;;;;;;;;;;;;;;;;;;;;;;;;;;;;;;;;;;;;;;;;;
;R2S-UMB ID1 precipitation diff. [mm] Act;R2S-UMB ID1 precipitation absol. [mm] Act;R2S-UMB ID1 precipitation type [] Act;R2S-UMB ID1 sum of drizzle-drops [events] Act;R2S-UMB ID1 sum of rain-drops [events] Act;R2S-UMB ID1 sum of hail [events] Act;R2S-UMB ID1 drizzle flag [] Act;R2S-UMB ID1 rain flag [] Act;R2S-UMB ID1 snow flag [] Act;R2S-UMB ID1 ambient temperature [°C] Act;R2S-UMB ID1 precipitat.intensity [in/h] Act;R2S-UMB ID1 sum of hail [] Act;R2S-UMB ID1 sum of rain-drops [] Act
2017-07-06 00:00:01;0.0000;67.1900;    0;    0;    0;    0;    0;    0;    0;10.5400;0.0000;    0;    0
2017-07-06 00:01:01;0.0000;67.1900;    0;    0;    0;    0;    0;    0;    0;10.3100;0.0000;    0;    0
2017-07-06 00:02:01;0.0000;67.1900;    0;    0;    0;    0;    0;    0;    0;10.3100;0.0000;    0;    0
2017-07-06 00:03:01;0.0000;67.1900;    0;    0;    0;    0;    0;    0;    0;10.4600;0.0000;    0;    0
2017-07-06 00:04:01;0.0000;67.1900;    0;    0;    0;    0;    0;    0;    0;10.1500;0.0000;    0;    0
2017-07-06 00:05:01;0.0000;67.1900;    0;    0;    0;    0;    0;    0;    0;10.2300;0.0000;    0;    0
2017-07-06 00:06:01;0.0000;67.1900;    0;    0;    0;    0;    0;    0;    0;10.3900;0.0000;    0;    0
2017-07-06 00:07:01;0.0000;67.1900;    0;    0;    0;    0;    0;    0;    0;10.3900;0.0000;    0;    0
2017-07-06 00:08:01;0.0000;67.1900;    0;    0;    0;    0;    0;    0;    0;10.3900;0.0000;    0;    0
2017-07-06 00:09:01;0.0000;67.1900;    0;    0;    0;    0;    0;    0;    0;10.1500;0.0000;    0;    0
2017-07-06 00:10:01;0.0000;67.1900;    0;    0;    0;    0;    0;    0;    0;10.4600;0.0000;    0;    0
2017-07-06 00:11:01;0.0000;67.1900;    0;    0;    0;    0;    0;    0;    0;10.4600;0.0000;    0;    0
2017-07-06 00:12:01;0.0000;67.1900;    0;    0;    0;    0;    0;    0;    0;10.5400;0.0000;    0;    0
2017-07-06 00:13:01;0.0000;67.1900;    0;    0;    0;    0;    0;    0;    0;10.4600;0.0000;    0;    0
2017-07-06 00:14:01;0.0000;67.1900;    0;    0;    0;    0;    0;    0;    0;10.6900;0.0000;    0;    0
2017-07-06 00:15:01;0.0000;67.1900;    0;    0;    0;    0;    0;    0;    0;10.8500;0.0000;    0;    0
2017-07-06 00:16:01;0.0000;67.1900;    0;    0;    0;    0;    0;    0;    0;10.7700;0.0000;    0;    0
2017-07-06 00:17:01;0.0000;67.1900;    0;    0;    0;    0;    0;    0;    0;10.6900;0.0000;    0;    0
2017-07-06 00:18:01;0.0000;67.1900;    0;    0;    0;    0;    0;    0;    0;10.5400;0.0000;    0;    0
2017-07-06 00:19:01;0.0000;67.1900;    0;    0;    0;    0;    0;    0;    0;10.0700;0.0000;    0;    0
2017-07-06 00:20:01;0.0000;67.1900;    0;    0;    0;    0;    0;    0;    0;10.2300;0.0000;    0;    0
2017-07-06 00:21:01;0.0000;67.1900;    0;    0;    0;    0;    0;    0;    0;9.7700;0.0000;    0;    0
2017-07-06 00:22:01;0.0000;67.1900;    0;    0;    0;    0;    0;    0;    0;9.5400;0.0000;    0;    0
2017-07-06 00:23:01;0.0000;67.1900;    0;    0;    0;    0;    0;    0;    0;9.4600;0.0000;    0;    0
2017-07-06 00:24:01;0.0000;67.1900;    0;    0;    0;    0;    0;    0;    0;9.6200;0.0000;    0;    0
2017-07-06 00:25:01;0.0000;67.1900;    0;    0;    0;    0;    0;    0;    0;9.6200;0.0000;    0;    0
2017-07-06 00:26:01;0.0000;67.1900;    0;    0;    0;    0;    0;    0;    0;9.6900;0.0000;    0;    0
2017-07-06 00:27:01;0.0000;67.1900;    0;    0;    0;    0;    0;    0;    0;9.5400;0.0000;    0;    0
2017-07-06 00:28:01;0.0000;67.1900;    0;    0;    0;    0;    0;    0;    0;9.3100;0.0000;    0;    0
2017-07-06 00:29:01;0.0000;67.1900;    0;    0;    0;    0;    0;    0;    0;9.0700;0.0000;    0;    0
2017-07-06 00:30:01;0.0000;67.1900;    0;    0;    0;    0;    0;    0;    0;9.3100;0.0000;    0;    0
2017-07-06 00:31:01;0.0000;67.1900;    0;    0;    0;    0;    0;    0;    0;9.3900;0.0000;    0;    0
2017-07-06 00:32:01;0.0000;67.1900;    0;    0;    0;    0;    0;    0;    0;9.4600;0.0000;    0;    0
2017-07-06 00:33:01;0.0000;67.1900;    0;    0;    0;    0;    0;    0;    0;9.4600;0.0000;    0;    0
2017-07-06 00:34:01;0.0000;67.1900;    0;    0;    0;    0;    0;    0;    0;9.6900;0.0000;    0;    0
2017-07-06 00:35:01;0.0000;67.1900;    0;    0;    0;    0;    0;    0;    0;9.6200;0.0000;    0;    0
2017-07-06 00:36:01;0.0000;67.1900;    0;    0;    0;    0;    0;    0;    0;9.6900;0.0000;    0;    0
2017-07-06 00:37:01;0.0000;67.1900;    0;    0;    0;    0;    0;    0;    0;9.6900;0.0000;    0;    0
2017-07-06 00:38:01;0.0000;67.1900;    0;    0;    0;    0;    0;    0;    0;9.9200;0.0000;    0;    0
2017-07-06 00:39:01;0.0000;67.1900;    0;    0;    0;    0;    0;    0;    0;10.0700;0.0000;    0;    0
2017-07-06 00:40:01;0.0000;67.1900;    0;    0;    0;    0;    0;    0;    0;10.1500;0.0000;    0;    0
2017-07-06 00:41:01;0.0000;67.1900;    0;    0;    0;    0;    0;    0;    0;10.3900;0.0000;    0;    0
2017-07-06 00:42:01;0.0000;67.1900;    0;    0;    0;    0;    0;    0;    0;10.3100;0.0000;    0;    0
2017-07-06 00:43:01;0.0000;67.1900;    0;    0;    0;    0;    0;    0;    0;10.2300;0.0000;    0;    0
2017-07-06 00:44:01;0.0000;67.1900;    0;    0;    0;    0;    0;    0;    0;10.1500;0.0000;    0;    0
2017-07-06 00:45:01;0.0000;67.1900;    0;    0;    0;    0;    0;    0;    0;10.0700;0.0000;    0;    0
2017-07-06 00:46:01;0.0000;67.1900;    0;    0;    0;    0;    0;    0;    0;10.0000;0.0000;    0;    0
2017-07-06 00:47:01;0.0000;67.1900;    0;    0;    0;    0;    0;    0;    0;10.0700;0.0000;    0;    0
2017-07-06 00:48:01;0.0000;67.1900;    0;    0;    0;    0;    0;    0;    0;9.9200;0.0000;    0;    0
2017-07-06 00:49:01;0.0000;67.1900;    0;    0;    0;    0;    0;    0;    0;9.7700;0.0000;    0;    0
2017-07-06 00:50:01;0.0000;67.1900;    0;    0;    0;    0;    0;    0;    0;9.6900;0.0000;    0;    0
2017-07-06 00:51:01;0.0000;67.1900;    0;    0;    0;    0;    0;    0;    0;9.6200;0.0000;    0;    0
2017-07-06 00:52:01;0.0000;67.1900;    0;    0;    0;    0;    0;    0;    0;9.5400;0.0000;    0;    0
2017-07-06 00:53:01;0.0000;67.1900;    0;    0;    0;    0;    0;    0;    0;9.6200;0.0000;    0;    0
2017-07-06 00:54:01;0.0000;67.1900;    0;    0;    0;    0;    0;    0;    0;9.6900;0.0000;    0;    0
2017-07-06 00:55:01;0.0000;67.1900;    0;    0;    0;    0;    0;    0;    0;9.8400;0.0000;    0;    0
2017-07-06 00:56:01;0.0000;67.1900;    0;    0;    0;    0;    0;    0;    0;9.8400;0.0000;    0;    0
2017-07-06 00:57:01;0.0000;67.1900;    0;    0;    0;    0;    0;    0;    0;10.0000;0.0000;    0;    0
2017-07-06 00:58:01;0.0000;67.1900;    0;    0;    0;    0;    0;    0;    0;10.1500;0.0000;    0;    0
2017-07-06 00:59:01;0.0000;67.1900;    0;    0;    0;    0;    0;    0;    0;10.1500;0.0000;    0;    0
2017-07-06 01:00:01;0.0000;67.1900;    0;    0;    0;    0;    0;    0;    0;10.1500;0.0000;    0;    0
2017-07-06 01:01:01;0.0000;67.1900;    0;    0;    0;    0;    0;    0;    0;10.0700;0.0000;    0;    0
2017-07-06 01:02:01;0.0000;67.1900;    0;    0;    0;    0;    0;    0;    0;10.1500;0.0000;    0;    0
2017-07-06 01:03:01;0.0000;67.1900;    0;    0;    0;    0;    0;    0;    0;10.2300;0.0000;    0;    0
2017-07-06 01:04:01;0.0000;67.1900;    0;    0;    0;    0;    0;    0;    0;10.3100;0.0000;    0;    0
2017-07-06 01:05:01;0.0000;67.1900;    0;    0;    0;    0;    0;    0;    0;10.3100;0.0000;    0;    0
2017-07-06 01:06:01;0.0000;67.1900;    0;    0;    0;    0;    0;    0;    0;10.3100;0.0000;    0;    0
2017-07-06 01:07:01;0.0000;67.1900;    0;    0;    0;    0;    0;    0;    0;10.3900;0.0000;    0;    0
2017-07-06 01:08:01;0.0000;67.1900;    0;    0;    0;    0;    0;    0;    0;10.3900;0.0000;    0;    0
2017-07-06 01:09:01;0.0000;67.1900;    0;    0;    0;    0;    0;    0;    0;10.4600;0.0000;    0;    0
2017-07-06 01:10:01;0.0000;67.1900;    0;    0;    0;    0;    0;    0;    0;10.3100;0.0000;    0;    0
2017-07-06 01:11:01;0.0000;67.1900;    0;    0;    0;    0;    0;    0;    0;10.0700;0.0000;    0;    0
2017-07-06 01:12:01;0.0000;67.1900;    0;    0;    0;    0;    0;    0;    0;10.2300;0.0000;    0;    0
2017-07-06 01:13:01;0.0000;67.1900;    0;    0;    0;    0;    0;    0;    0;10.4600;0.0000;    0;    0
2017-07-06 01:14:01;0.0000;67.1900;    0;    0;    0;    0;    0;    0;    0;10.4600;0.0000;    0;    0
2017-07-06 01:15:01;0.0000;67.1900;    0;    0;    0;    0;    0;    0;    0;10.4600;0.0000;    0;    0
2017-07-06 01:16:01;0.0000;67.1900;    0;    0;    0;    0;    0;    0;    0;10.5400;0.0000;    0;    0
2017-07-06 01:17:01;0.0000;67.1900;    0;    0;    0;    0;    0;    0;    0;10.6900;0.0000;    0;    0
2017-07-06 01:18:01;0.0000;67.1900;    0;    0;    0;    0;    0;    0;    0;10.6900;0.0000;    0;    0
2017-07-06 01:19:01;0.0000;67.1900;    0;    0;    0;    0;    0;    0;    0;10.7700;0.0000;    0;    0
2017-07-06 01:20:01;0.0000;67.1900;    0;    0;    0;    0;    0;    0;    0;10.7700;0.0000;    0;    0
2017-07-06 01:21:01;0.0000;67.1900;    0;    0;    0;    0;    0;    0;    0;10.8500;0.0000;    0;    0
2017-07-06 01:22:01;0.0000;67.1900;    0;    0;    0;    0;    0;    0;    0;11.0000;0.0000;    0;    0
2017-07-06 01:23:01;0.0000;67.1900;    0;    0;    0;    0;    0;    0;    0;11.0800;0.0000;    0;    0
2017-07-06 01:24:01;0.0000;67.1900;    0;    0;    0;    0;    0;    0;    0;11.0800;0.0000;    0;    0
2017-07-06 01:25:01;0.0000;67.1900;    0;    0;    0;    0;    0;    0;    0;11.0800;0.0000;    0;    0
2017-07-06 01:26:01;0.0000;67.1900;    0;    0;    0;    0;    0;    0;    0;10.9200;0.0000;    0;    0
2017-07-06 01:27:01;0.0000;67.1900;    0;    0;    0;    0;    0;    0;    0;10.7700;0.0000;    0;    0
2017-07-06 01:28:01;0.0000;67.1900;    0;    0;    0;    0;    0;    0;    0;10.9200;0.0000;    0;    0
2017-07-06 01:29:01;0.0000;67.1900;    0;    0;    0;    0;    0;    0;    0;10.8500;0.0000;    0;    0
2017-07-06 01:30:01;0.0000;67.1900;    0;    0;    0;    0;    0;    0;    0;10.7700;0.0000;    0;    0
2017-07-06 01:31:01;0.0000;67.1900;    0;    0;    0;    0;    0;    0;    0;10.6900;0.0000;    0;    0
2017-07-06 01:32:01;0.0000;67.1900;    0;    0;    0;    0;    0;    0;    0;10.4600;0.0000;    0;    0
2017-07-06 01:33:01;0.0000;67.1900;    0;    0;    0;    0;    0;    0;    0;10.4600;0.0000;    0;    0
2017-07-06 01:34:01;0.0000;67.1900;    0;    0;    0;    0;    0;    0;    0;10.4600;0.0000;    0;    0
2017-07-06 01:35:01;0.0000;67.1900;    0;    0;    0;    0;    0;    0;    0;10.3900;0.0000;    0;    0
2017-07-06 01:36:01;0.0000;67.1900;    0;    0;    0;    0;    0;    0;    0;10.3900;0.0000;    0;    0
2017-07-06 01:37:01;0.0000;67.1900;    0;    0;    0;    0;    0;    0;    0;10.6200;0.0000;    0;    0
2017-07-06 01:38:01;0.0000;67.1900;    0;    0;    0;    0;    0;    0;    0;10.9200;0.0000;    0;    0
2017-07-06 01:39:01;0.0000;67.1900;    0;    0;    0;    0;    0;    0;    0;11.0000;0.0000;    0;    0
2017-07-06 01:40:01;0.0000;67.1900;    0;    0;    0;    0;    0;    0;    0;10.8500;0.0000;    0;    0
2017-07-06 01:41:01;0.0000;67.1900;    0;    0;    0;    0;    0;    0;    0;10.8500;0.0000;    0;    0
2017-07-06 01:42:01;0.0000;67.1900;    0;    0;    0;    0;    0;    0;    0;10.7700;0.0000;    0;    0
2017-07-06 01:43:01;0.0000;67.1900;    0;    0;    0;    0;    0;    0;    0;10.6900;0.0000;    0;    0
2017-07-06 01:44:01;0.0000;67.1900;    0;    0;    0;    0;    0;    0;    0;10.7700;0.0000;    0;    0
2017-07-06 01:45:01;0.0000;67.1900;    0;    0;    0;    0;    0;    0;    0;10.9200;0.0000;    0;    0
2017-07-06 01:46:01;0.0000;67.1900;    0;    0;    0;    0;    0;    0;    0;10.8500;0.0000;    0;    0
2017-07-06 01:47:01;0.0000;67.1900;    0;    0;    0;    0;    0;    0;    0;10.6900;0.0000;    0;    0
2017-07-06 01:48:01;0.0000;67.1900;    0;    0;    0;    0;    0;    0;    0;10.4600;0.0000;    0;    0
2017-07-06 01:49:01;0.0000;67.1900;    0;    0;    0;    0;    0;    0;    0;10.3900;0.0000;    0;    0
2017-07-06 01:50:01;0.0000;67.1900;    0;    0;    0;    0;    0;    0;    0;10.3900;0.0000;    0;    0
2017-07-06 01:51:01;0.0000;67.1900;    0;    0;    0;    0;    0;    0;    0;10.4600;0.0000;    0;    0
2017-07-06 01:52:01;0.0000;67.1900;    0;    0;    0;    0;    0;    0;    0;10.6900;0.0000;    0;    0
2017-07-06 01:53:01;0.0000;67.1900;    0;    0;    0;    0;    0;    0;    0;11.1500;0.0000;    0;    0
2017-07-06 01:54:01;0.0000;67.1900;    0;    0;    0;    0;    0;    0;    0;11.3100;0.0000;    0;    0
2017-07-06 01:55:01;0.0000;67.1900;    0;    0;    0;    0;    0;    0;    0;11.3900;0.0000;    0;    0
2017-07-06 01:56:01;0.0000;67.1900;    0;    0;    0;    0;    0;    0;    0;11.3100;0.0000;    0;    0
2017-07-06 01:57:01;0.0000;67.1900;    0;    0;    0;    0;    0;    0;    0;10.8500;0.0000;    0;    0
2017-07-06 01:58:01;0.0000;67.1900;    0;    0;    0;    0;    0;    0;    0;10.6900;0.0000;    0;    0
2017-07-06 01:59:01;0.0000;67.1900;    0;    0;    0;    0;    0;    0;    0;10.5400;0.0000;    0;    0
2017-07-06 02:00:01;0.0000;67.1900;    0;    0;    0;    0;    0;    0;    0;10.5400;0.0000;    0;    0
2017-07-06 02:01:01;0.0000;67.1900;    0;    0;    0;    0;    0;    0;    0;11.1500;0.0000;    0;    0
2017-07-06 02:02:01;0.0000;67.1900;    0;    0;    0;    0;    0;    0;    0;11.7000;0.0000;    0;    0
2017-07-06 02:03:01;0.0000;67.1900;    0;    0;    0;    0;    0;    0;    0;11.8500;0.0000;    0;    0
2017-07-06 02:04:01;0.0000;67.1900;    0;    0;    0;    0;    0;    0;    0;11.7700;0.0000;    0;    0
2017-07-06 02:05:01;0.0000;67.1900;    0;    0;    0;    0;    0;    0;    0;11.4700;0.0000;    0;    0
2017-07-06 02:06:01;0.0000;67.1900;    0;    0;    0;    0;    0;    0;    0;11.1500;0.0000;    0;    0
2017-07-06 02:07:01;0.0000;67.1900;    0;    0;    0;    0;    0;    0;    0;11.2300;0.0000;    0;    0
2017-07-06 02:08:01;0.0000;67.1900;    0;    0;    0;    0;    0;    0;    0;11.3900;0.0000;    0;    0
2017-07-06 02:09:01;0.0000;67.1900;    0;    0;    0;    0;    0;    0;    0;11.3100;0.0000;    0;    0
2017-07-06 02:10:01;0.0000;67.1900;    0;    0;    0;    0;    0;    0;    0;11.3900;0.0000;    0;    0
2017-07-06 02:11:01;0.0000;67.1900;    0;    0;    0;    0;    0;    0;    0;11.3100;0.0000;    0;    0
2017-07-06 02:12:01;0.0000;67.1900;    0;    0;    0;    0;    0;    0;    0;11.4700;0.0000;    0;    0
2017-07-06 02:13:01;0.0000;67.1900;    0;    0;    0;    0;    0;    0;    0;11.3900;0.0000;    0;    0
2017-07-06 02:14:01;0.0000;67.1900;    0;    0;    0;    0;    0;    0;    0;11.3100;0.0000;    0;    0
2017-07-06 02:15:01;0.0000;67.1900;    0;    0;    0;    0;    0;    0;    0;11.3100;0.0000;    0;    0
2017-07-06 02:16:01;0.0000;67.1900;    0;    0;    0;    0;    0;    0;    0;11.2300;0.0000;    0;    0
2017-07-06 02:17:01;0.0000;67.1900;    0;    0;    0;    0;    0;    0;    0;11.0800;0.0000;    0;    0
2017-07-06 02:18:01;0.0000;67.1900;    0;    0;    0;    0;    0;    0;    0;11.0800;0.0000;    0;    0
2017-07-06 02:19:01;0.0000;67.1900;    0;    0;    0;    0;    0;    0;    0;11.1500;0.0000;    0;    0
2017-07-06 02:20:01;0.0000;67.1900;    0;    0;    0;    0;    0;    0;    0;11.3100;0.0000;    0;    0
2017-07-06 02:21:01;0.0000;67.1900;    0;    0;    0;    0;    0;    0;    0;11.2300;0.0000;    0;    0
2017-07-06 02:22:01;0.0000;67.1900;    0;    0;    0;    0;    0;    0;    0;11.1500;0.0000;    0;    0
2017-07-06 02:23:01;0.0000;67.1900;    0;    0;    0;    0;    0;    0;    0;11.0000;0.0000;    0;    0
2017-07-06 02:24:01;0.0000;67.1900;    0;    0;    0;    0;    0;    0;    0;11.3100;0.0000;    0;    0
2017-07-06 02:25:01;0.0000;67.1900;    0;    0;    0;    0;    0;    0;    0;11.5400;0.0000;    0;    0
2017-07-06 02:26:01;0.0000;67.1900;    0;    0;    0;    0;    0;    0;    0;11.9300;0.0000;    0;    0
2017-07-06 02:27:01;0.0000;67.1900;    0;    0;    0;    0;    0;    0;    0;12.0800;0.0000;    0;    0
2017-07-06 02:28:01;0.0000;67.1900;    0;    0;    0;    0;    0;    0;    0;11.6200;0.0000;    0;    0
2017-07-06 02:29:01;0.0000;67.1900;    0;    0;    0;    0;    0;    0;    0;11.5400;0.0000;    0;    0
2017-07-06 02:30:01;0.0000;67.1900;    0;    0;    0;    0;    0;    0;    0;11.7000;0.0000;    0;    0
2017-07-06 02:31:01;0.0000;67.1900;    0;    0;    0;    0;    0;    0;    0;11.7000;0.0000;    0;    0
2017-07-06 02:32:01;0.0000;67.1900;    0;    0;    0;    0;    0;    0;    0;11.6200;0.0000;    0;    0
2017-07-06 02:33:01;0.0000;67.1900;    0;    0;    0;    0;    0;    0;    0;11.3900;0.0000;    0;    0
2017-07-06 02:34:01;0.0000;67.1900;    0;    0;    0;    0;    0;    0;    0;10.7700;0.0000;    0;    0
2017-07-06 02:35:01;0.0000;67.1900;    0;    0;    0;    0;    0;    0;    0;10.6900;0.0000;    0;    0
2017-07-06 02:36:01;0.0000;67.1900;    0;    0;    0;    0;    0;    0;    0;10.3100;0.0000;    0;    0
2017-07-06 02:37:01;0.0000;67.1900;    0;    0;    0;    0;    0;    0;    0;11.1500;0.0000;    0;    0
2017-07-06 02:38:01;0.0000;67.1900;    0;    0;    0;    0;    0;    0;    0;11.3900;0.0000;    0;    0
2017-07-06 02:39:01;0.0000;67.1900;    0;    0;    0;    0;    0;    0;    0;11.6200;0.0000;    0;    0
2017-07-06 02:40:01;0.0000;67.1900;    0;    0;    0;    0;    0;    0;    0;11.7700;0.0000;    0;    0
2017-07-06 02:41:01;0.0000;67.1900;    0;    0;    0;    0;    0;    0;    0;11.7000;0.0000;    0;    0
2017-07-06 02:42:01;0.0000;67.1900;    0;    0;    0;    0;    0;    0;    0;10.6200;0.0000;    0;    0
2017-07-06 02:43:01;0.0000;67.1900;    0;    0;    0;    0;    0;    0;    0;10.8500;0.0000;    0;    0
2017-07-06 02:44:01;0.0000;67.1900;    0;    0;    0;    0;    0;    0;    0;11.3900;0.0000;    0;    0
2017-07-06 02:45:01;0.0000;67.1900;    0;    0;    0;    0;    0;    0;    0;11.6200;0.0000;    0;    0
2017-07-06 02:46:01;0.0000;67.1900;    0;    0;    0;    0;    0;    0;    0;11.4700;0.0000;    0;    0
2017-07-06 02:47:01;0.0000;67.1900;    0;    0;    0;    0;    0;    0;    0;11.3100;0.0000;    0;    0
2017-07-06 02:48:01;0.0000;67.1900;    0;    0;    0;    0;    0;    0;    0;11.1500;0.0000;    0;    0
2017-07-06 02:49:01;0.0000;67.1900;    0;    0;    0;    0;    0;    0;    0;11.1500;0.0000;    0;    0
2017-07-06 02:50:01;0.0000;67.1900;    0;    0;    0;    0;    0;    0;    0;11.2300;0.0000;    0;    0
2017-07-06 02:51:01;0.0000;67.1900;    0;    0;    0;    0;    0;    0;    0;11.1500;0.0000;    0;    0
2017-07-06 02:52:01;0.0000;67.1900;    0;    0;    0;    0;    0;    0;    0;11.3100;0.0000;    0;    0
2017-07-06 02:53:01;0.0000;67.1900;    0;    0;    0;    0;    0;    0;    0;11.4700;0.0000;    0;    0
2017-07-06 02:54:01;0.0000;67.1900;    0;    0;    0;    0;    0;    0;    0;11.7000;0.0000;    0;    0
2017-07-06 02:55:01;0.0000;67.1900;    0;    0;    0;    0;    0;    0;    0;11.9300;0.0000;    0;    0
2017-07-06 02:56:01;0.0000;67.1900;    0;    0;    0;    0;    0;    0;    0;12.0800;0.0000;    0;    0
2017-07-06 02:57:01;0.0000;67.1900;    0;    0;    0;    0;    0;    0;    0;11.8500;0.0000;    0;    0
2017-07-06 02:58:01;0.0000;67.1900;    0;    0;    0;    0;    0;    0;    0;11.4700;0.0000;    0;    0
2017-07-06 02:59:01;0.0000;67.1900;    0;    0;    0;    0;    0;    0;    0;11.2300;0.0000;    0;    0
2017-07-06 03:00:01;0.0000;67.1900;    0;    0;    0;    0;    0;    0;    0;11.3100;0.0000;    0;    0
2017-07-06 03:01:01;0.0000;67.1900;    0;    0;    0;    0;    0;    0;    0;11.3900;0.0000;    0;    0
2017-07-06 03:02:01;0.0000;67.1900;    0;    0;    0;    0;    0;    0;    0;11.3100;0.0000;    0;    0
2017-07-06 03:03:01;0.0000;67.1900;    0;    0;    0;    0;    0;    0;    0;10.8500;0.0000;    0;    0
2017-07-06 03:04:01;0.0000;67.1900;    0;    0;    0;    0;    0;    0;    0;10.7700;0.0000;    0;    0
2017-07-06 03:05:01;0.0000;67.1900;    0;    0;    0;    0;    0;    0;    0;11.3100;0.0000;    0;    0
2017-07-06 03:06:01;0.0000;67.1900;    0;    0;    0;    0;    0;    0;    0;11.7700;0.0000;    0;    0
2017-07-06 03:07:01;0.0000;67.1900;    0;    0;    0;    0;    0;    0;    0;11.3100;0.0000;    0;    0
2017-07-06 03:08:01;0.0000;67.1900;    0;    0;    0;    0;    0;    0;    0;11.3900;0.0000;    0;    0
2017-07-06 03:09:01;0.0000;67.1900;    0;    0;    0;    0;    0;    0;    0;10.9200;0.0000;    0;    0
2017-07-06 03:10:01;0.0000;67.1900;    0;    0;    0;    0;    0;    0;    0;11.1500;0.0000;    0;    0
2017-07-06 03:11:01;0.0000;67.1900;    0;    0;    0;    0;    0;    0;    0;11.7700;0.0000;    0;    0
2017-07-06 03:12:01;0.0000;67.1900;    0;    0;    0;    0;    0;    0;    0;11.8500;0.0000;    0;    0
2017-07-06 03:13:01;0.0000;67.1900;    0;    0;    0;    0;    0;    0;    0;11.8500;0.0000;    0;    0
2017-07-06 03:14:01;0.0000;67.1900;    0;    0;    0;    0;    0;    0;    0;11.8500;0.0000;    0;    0
2017-07-06 03:15:01;0.0000;67.1900;    0;    0;    0;    0;    0;    0;    0;11.9300;0.0000;    0;    0
2017-07-06 03:16:01;0.0000;67.1900;    0;    0;    0;    0;    0;    0;    0;12.0000;0.0000;    0;    0
2017-07-06 03:17:01;0.0000;67.1900;    0;    0;    0;    0;    0;    0;    0;12.1600;0.0000;    0;    0
2017-07-06 03:18:01;0.0000;67.1900;    0;    0;    0;    0;    0;    0;    0;11.6200;0.0000;    0;    0
2017-07-06 03:19:01;0.0000;67.1900;    0;    0;    0;    0;    0;    0;    0;11.2300;0.0000;    0;    0
2017-07-06 03:20:01;0.0000;67.1900;    0;    0;    0;    0;    0;    0;    0;11.2300;0.0000;    0;    0
2017-07-06 03:21:01;0.0000;67.1900;    0;    0;    0;    0;    0;    0;    0;11.0800;0.0000;    0;    0
2017-07-06 03:22:01;0.0000;67.1900;    0;    0;    0;    0;    0;    0;    0;11.0000;0.0000;    0;    0
2017-07-06 03:23:01;0.0000;67.1900;    0;    0;    0;    0;    0;    0;    0;10.5400;0.0000;    0;    0
2017-07-06 03:24:01;0.0000;67.1900;    0;    0;    0;    0;    0;    0;    0;10.6200;0.0000;    0;    0
2017-07-06 03:25:01;0.0000;67.1900;    0;    0;    0;    0;    0;    0;    0;10.6900;0.0000;    0;    0
2017-07-06 03:26:01;0.0000;67.1900;    0;    0;    0;    0;    0;    0;    0;10.7700;0.0000;    0;    0
2017-07-06 03:27:01;0.0000;67.1900;    0;    0;    0;    0;    0;    0;    0;11.2300;0.0000;    0;    0
2017-07-06 03:28:01;0.0000;67.1900;    0;    0;    0;    0;    0;    0;    0;11.0000;0.0000;    0;    0
2017-07-06 03:29:01;0.0000;67.1900;    0;    0;    0;    0;    0;    0;    0;10.8500;0.0000;    0;    0
2017-07-06 03:30:01;0.0000;67.1900;    0;    0;    0;    0;    0;    0;    0;10.8500;0.0000;    0;    0
2017-07-06 03:31:01;0.0000;67.1900;    0;    0;    0;    0;    0;    0;    0;10.7700;0.0000;    0;    0
2017-07-06 03:32:01;0.0000;67.1900;    0;    0;    0;    0;    0;    0;    0;10.6900;0.0000;    0;    0
2017-07-06 03:33:01;0.0000;67.1900;    0;    0;    0;    0;    0;    0;    0;10.6900;0.0000;    0;    0
2017-07-06 03:34:01;0.0000;67.1900;    0;    0;    0;    0;    0;    0;    0;10.5400;0.0000;    0;    0
2017-07-06 03:35:01;0.0000;67.1900;    0;    0;    0;    0;    0;    0;    0;10.5400;0.0000;    0;    0
2017-07-06 03:36:01;0.0000;67.1900;    0;    0;    0;    0;    0;    0;    0;10.5400;0.0000;    0;    0
2017-07-06 03:37:01;0.0000;67.1900;    0;    0;    0;    0;    0;    0;    0;10.6200;0.0000;    0;    0
2017-07-06 03:38:01;0.0000;67.1900;    0;    0;    0;    0;    0;    0;    0;10.6200;0.0000;    0;    0
2017-07-06 03:39:01;0.0000;67.1900;    0;    0;    0;    0;    0;    0;    0;10.6200;0.0000;    0;    0
2017-07-06 03:40:01;0.0000;67.1900;    0;    0;    0;    0;    0;    0;    0;10.4600;0.0000;    0;    0
2017-07-06 03:41:01;0.0000;67.1900;    0;    0;    0;    0;    0;    0;    0;10.4600;0.0000;    0;    0
2017-07-06 03:42:01;0.0000;67.1900;    0;    0;    0;    0;    0;    0;    0;10.5400;0.0000;    0;    0
2017-07-06 03:43:01;0.0000;67.1900;    0;    0;    0;    0;    0;    0;    0;10.4600;0.0000;    0;    0
2017-07-06 03:44:01;0.0000;67.1900;    0;    0;    0;    0;    0;    0;    0;10.6200;0.0000;    0;    0
2017-07-06 03:45:01;0.0000;67.1900;    0;    0;    0;    0;    0;    0;    0;10.7700;0.0000;    0;    0
2017-07-06 03:46:01;0.0000;67.1900;    0;    0;    0;    0;    0;    0;    0;10.7700;0.0000;    0;    0
2017-07-06 03:47:01;0.0000;67.1900;    0;    0;    0;    0;    0;    0;    0;10.6900;0.0000;    0;    0
2017-07-06 03:48:01;0.0000;67.1900;    0;    0;    0;    0;    0;    0;    0;10.4600;0.0000;    0;    0
2017-07-06 03:49:01;0.0000;67.1900;    0;    0;    0;    0;    0;    0;    0;10.4600;0.0000;    0;    0
2017-07-06 03:50:01;0.0000;67.1900;    0;    0;    0;    0;    0;    0;    0;10.4600;0.0000;    0;    0
2017-07-06 03:51:01;0.0000;67.1900;    0;    0;    0;    0;    0;    0;    0;10.2300;0.0000;    0;    0
2017-07-06 03:52:01;0.0000;67.1900;    0;    0;    0;    0;    0;    0;    0;10.4600;0.0000;    0;    0
2017-07-06 03:53:01;0.0000;67.1900;    0;    0;    0;    0;    0;    0;    0;10.6200;0.0000;    0;    0
2017-07-06 03:54:01;0.0000;67.1900;    0;    0;    0;    0;    0;    0;    0;10.6900;0.0000;    0;    0
2017-07-06 03:55:01;0.0000;67.1900;    0;    0;    0;    0;    0;    0;    0;10.6900;0.0000;    0;    0
2017-07-06 03:56:01;0.0000;67.1900;    0;    0;    0;    0;    0;    0;    0;10.5400;0.0000;    0;    0
2017-07-06 03:57:01;0.0000;67.1900;    0;    0;    0;    0;    0;    0;    0;10.5400;0.0000;    0;    0
2017-07-06 03:58:01;0.0000;67.1900;    0;    0;    0;    0;    0;    0;    0;10.6200;0.0000;    0;    0
2017-07-06 03:59:01;0.0000;67.1900;    0;    0;    0;    0;    0;    0;    0;10.6200;0.0000;    0;    0
2017-07-06 04:00:01;0.0000;67.1900;    0;    0;    0;    0;    0;    0;    0;10.6900;0.0000;    0;    0
2017-07-06 04:01:01;0.0000;67.1900;    0;    0;    0;    0;    0;    0;    0;10.7700;0.0000;    0;    0
2017-07-06 04:02:01;0.0000;67.1900;    0;    0;    0;    0;    0;    0;    0;10.6200;0.0000;    0;    0
2017-07-06 04:03:01;0.0000;67.1900;    0;    0;    0;    0;    0;    0;    0;10.4600;0.0000;    0;    0
2017-07-06 04:04:01;0.0000;67.1900;    0;    0;    0;    0;    0;    0;    0;10.4600;0.0000;    0;    0
2017-07-06 04:05:01;0.0000;67.1900;    0;    0;    0;    0;    0;    0;    0;10.4600;0.0000;    0;    0
2017-07-06 04:06:01;0.0000;67.1900;    0;    0;    0;    0;    0;    0;    0;10.3900;0.0000;    0;    0
2017-07-06 04:07:01;0.0000;67.1900;    0;    0;    0;    0;    0;    0;    0;10.3900;0.0000;    0;    0
2017-07-06 04:08:01;0.0000;67.1900;    0;    0;    0;    0;    0;    0;    0;10.4600;0.0000;    0;    0
2017-07-06 04:09:01;0.0000;67.1900;    0;    0;    0;    0;    0;    0;    0;10.5400;0.0000;    0;    0
2017-07-06 04:10:01;0.0000;67.1900;    0;    0;    0;    0;    0;    0;    0;10.6200;0.0000;    0;    0
2017-07-06 04:11:01;0.0000;67.1900;    0;    0;    0;    0;    0;    0;    0;10.6200;0.0000;    0;    0
2017-07-06 04:12:01;0.0000;67.1900;    0;    0;    0;    0;    0;    0;    0;10.8500;0.0000;    0;    0
2017-07-06 04:13:01;0.0000;67.1900;    0;    0;    0;    0;    0;    0;    0;11.0000;0.0000;    0;    0
2017-07-06 04:14:01;0.0000;67.1900;    0;    0;    0;    0;    0;    0;    0;10.7700;0.0000;    0;    0
2017-07-06 04:15:01;0.0000;67.1900;    0;    0;    0;    0;    0;    0;    0;10.3900;0.0000;    0;    0
2017-07-06 04:16:01;0.0000;67.1900;    0;    0;    0;    0;    0;    0;    0;10.3100;0.0000;    0;    0
2017-07-06 04:17:01;0.0000;67.1900;    0;    0;    0;    0;    0;    0;    0;10.0700;0.0000;    0;    0
2017-07-06 04:18:01;0.0000;67.1900;    0;    0;    0;    0;    0;    0;    0;10.0700;0.0000;    0;    0
2017-07-06 04:19:01;0.0000;67.1900;    0;    0;    0;    0;    0;    0;    0;10.1500;0.0000;    0;    0
2017-07-06 04:20:01;0.0000;67.1900;    0;    0;    0;    0;    0;    0;    0;10.1500;0.0000;    0;    0
2017-07-06 04:21:01;0.0000;67.1900;    0;    0;    0;    0;    0;    0;    0;10.0700;0.0000;    0;    0
2017-07-06 04:22:01;0.0000;67.1900;    0;    0;    0;    0;    0;    0;    0;9.9200;0.0000;    0;    0
2017-07-06 04:23:01;0.0000;67.1900;    0;    0;    0;    0;    0;    0;    0;10.0000;0.0000;    0;    0
2017-07-06 04:24:01;0.0000;67.1900;    0;    0;    0;    0;    0;    0;    0;10.1500;0.0000;    0;    0
2017-07-06 04:25:01;0.0000;67.1900;    0;    0;    0;    0;    0;    0;    0;10.2300;0.0000;    0;    0
2017-07-06 04:26:01;0.0000;67.1900;    0;    0;    0;    0;    0;    0;    0;10.1500;0.0000;    0;    0
2017-07-06 04:27:01;0.0000;67.1900;    0;    0;    0;    0;    0;    0;    0;10.0700;0.0000;    0;    0
2017-07-06 04:28:01;0.0000;67.1900;    0;    0;    0;    0;    0;    0;    0;10.0000;0.0000;    0;    0
2017-07-06 04:29:01;0.0000;67.1900;    0;    0;    0;    0;    0;    0;    0;9.9200;0.0000;    0;    0
2017-07-06 04:30:01;0.0000;67.1900;    0;    0;    0;    0;    0;    0;    0;9.8400;0.0000;    0;    0
2017-07-06 04:31:01;0.0000;67.1900;    0;    0;    0;    0;    0;    0;    0;9.8400;0.0000;    0;    0
2017-07-06 04:32:01;0.0000;67.1900;    0;    0;    0;    0;    0;    0;    0;9.7700;0.0000;    0;    0
2017-07-06 04:33:01;0.0000;67.1900;    0;    0;    0;    0;    0;    0;    0;9.7700;0.0000;    0;    0
2017-07-06 04:34:01;0.0000;67.1900;    0;    0;    0;    0;    0;    0;    0;9.7700;0.0000;    0;    0
2017-07-06 04:35:01;0.0000;67.1900;    0;    0;    0;    0;    0;    0;    0;9.6900;0.0000;    0;    0
2017-07-06 04:36:01;0.0000;67.1900;    0;    0;    0;    0;    0;    0;    0;9.6900;0.0000;    0;    0
2017-07-06 04:37:01;0.0000;67.1900;    0;    0;    0;    0;    0;    0;    0;9.5400;0.0000;    0;    0
2017-07-06 04:38:01;0.0000;67.1900;    0;    0;    0;    0;    0;    0;    0;9.6900;0.0000;    0;    0
2017-07-06 04:39:01;0.0000;67.1900;    0;    0;    0;    0;    0;    0;    0;9.6900;0.0000;    0;    0
2017-07-06 04:40:01;0.0000;67.1900;    0;    0;    0;    0;    0;    0;    0;9.7700;0.0000;    0;    0
2017-07-06 04:41:01;0.0000;67.1900;    0;    0;    0;    0;    0;    0;    0;9.9200;0.0000;    0;    0
2017-07-06 04:42:01;0.0000;67.1900;    0;    0;    0;    0;    0;    0;    0;9.8400;0.0000;    0;    0
2017-07-06 04:43:01;0.0000;67.1900;    0;    0;    0;    0;    0;    0;    0;9.8400;0.0000;    0;    0
2017-07-06 04:44:01;0.0000;67.1900;    0;    0;    0;    0;    0;    0;    0;9.7700;0.0000;    0;    0
2017-07-06 04:45:01;0.0000;67.1900;    0;    0;    0;    0;    0;    0;    0;9.8400;0.0000;    0;    0
2017-07-06 04:46:01;0.0000;67.1900;    0;    0;    0;    0;    0;    0;    0;9.7700;0.0000;    0;    0
2017-07-06 04:47:01;0.0000;67.1900;    0;    0;    0;    0;    0;    0;    0;9.8400;0.0000;    0;    0
2017-07-06 04:48:01;0.0000;67.1900;    0;    0;    0;    0;    0;    0;    0;10.0000;0.0000;    0;    0
2017-07-06 04:49:01;0.0000;67.1900;    0;    0;    0;    0;    0;    0;    0;10.0000;0.0000;    0;    0
2017-07-06 04:50:01;0.0000;67.1900;    0;    0;    0;    0;    0;    0;    0;9.9200;0.0000;    0;    0
2017-07-06 04:51:01;0.0000;67.1900;    0;    0;    0;    0;    0;    0;    0;9.9200;0.0000;    0;    0
2017-07-06 04:52:01;0.0000;67.1900;    0;    0;    0;    0;    0;    0;    0;9.8400;0.0000;    0;    0
2017-07-06 04:53:01;0.0000;67.1900;    0;    0;    0;    0;    0;    0;    0;9.8400;0.0000;    0;    0
2017-07-06 04:54:01;0.0000;67.1900;    0;    0;    0;    0;    0;    0;    0;9.9200;0.0000;    0;    0
2017-07-06 04:55:01;0.0000;67.1900;    0;    0;    0;    0;    0;    0;    0;9.6900;0.0000;    0;    0
2017-07-06 04:56:01;0.0000;67.1900;    0;    0;    0;    0;    0;    0;    0;9.7700;0.0000;    0;    0
2017-07-06 04:57:01;0.0000;67.1900;    0;    0;    0;    0;    0;    0;    0;9.9200;0.0000;    0;    0
2017-07-06 04:58:01;0.0000;67.1900;    0;    0;    0;    0;    0;    0;    0;9.8400;0.0000;    0;    0
2017-07-06 04:59:01;0.0000;67.1900;    0;    0;    0;    0;    0;    0;    0;9.8400;0.0000;    0;    0
2017-07-06 05:00:01;0.0000;67.1900;    0;    0;    0;    0;    0;    0;    0;9.7700;0.0000;    0;    0
2017-07-06 05:01:01;0.0000;67.1900;    0;    0;    0;    0;    0;    0;    0;9.6900;0.0000;    0;    0
2017-07-06 05:02:01;0.0000;67.1900;    0;    0;    0;    0;    0;    0;    0;9.8400;0.0000;    0;    0
2017-07-06 05:03:01;0.0000;67.1900;    0;    0;    0;    0;    0;    0;    0;9.8400;0.0000;    0;    0
2017-07-06 05:04:01;0.0000;67.1900;    0;    0;    0;    0;    0;    0;    0;9.7700;0.0000;    0;    0
2017-07-06 05:05:01;0.0000;67.1900;    0;    0;    0;    0;    0;    0;    0;9.8400;0.0000;    0;    0
2017-07-06 05:06:01;0.0000;67.1900;    0;    0;    0;    0;    0;    0;    0;9.7700;0.0000;    0;    0
2017-07-06 05:07:01;0.0000;67.1900;    0;    0;    0;    0;    0;    0;    0;9.7700;0.0000;    0;    0
2017-07-06 05:08:01;0.0000;67.1900;    0;    0;    0;    0;    0;    0;    0;9.6900;0.0000;    0;    0
2017-07-06 05:09:01;0.0000;67.1900;    0;    0;    0;    0;    0;    0;    0;10.0700;0.0000;    0;    0
2017-07-06 05:10:01;0.0000;67.1900;    0;    0;    0;    0;    0;    0;    0;10.1500;0.0000;    0;    0
2017-07-06 05:11:01;0.0000;67.1900;    0;    0;    0;    0;    0;    0;    0;9.9200;0.0000;    0;    0
2017-07-06 05:12:01;0.0000;67.1900;    0;    0;    0;    0;    0;    0;    0;9.6900;0.0000;    0;    0
2017-07-06 05:13:01;0.0000;67.1900;    0;    0;    0;    0;    0;    0;    0;9.7700;0.0000;    0;    0
2017-07-06 05:14:01;0.0000;67.1900;    0;    0;    0;    0;    0;    0;    0;9.8400;0.0000;    0;    0
2017-07-06 05:15:01;0.0000;67.1900;    0;    0;    0;    0;    0;    0;    0;10.0700;0.0000;    0;    0
2017-07-06 05:16:01;0.0000;67.1900;    0;    0;    0;    0;    0;    0;    0;10.1500;0.0000;    0;    0
2017-07-06 05:17:01;0.0000;67.1900;    0;    0;    0;    0;    0;    0;    0;10.2300;0.0000;    0;    0
2017-07-06 05:18:01;0.0000;67.1900;    0;    0;    0;    0;    0;    0;    0;10.0000;0.0000;    0;    0
2017-07-06 05:19:01;0.0000;67.1900;    0;    0;    0;    0;    0;    0;    0;9.6900;0.0000;    0;    0
2017-07-06 05:20:01;0.0000;67.1900;    0;    0;    0;    0;    0;    0;    0;9.6900;0.0000;    0;    0
2017-07-06 05:21:01;0.0000;67.1900;    0;    0;    0;    0;    0;    0;    0;9.7700;0.0000;    0;    0
2017-07-06 05:22:01;0.0000;67.1900;    0;    0;    0;    0;    0;    0;    0;10.0700;0.0000;    0;    0
2017-07-06 05:23:01;0.0000;67.1900;    0;    0;    0;    0;    0;    0;    0;10.0700;0.0000;    0;    0
2017-07-06 05:24:01;0.0000;67.1900;    0;    0;    0;    0;    0;    0;    0;10.0700;0.0000;    0;    0
2017-07-06 05:25:01;0.0000;67.1900;    0;    0;    0;    0;    0;    0;    0;10.0700;0.0000;    0;    0
2017-07-06 05:26:01;0.0000;67.1900;    0;    0;    0;    0;    0;    0;    0;9.9200;0.0000;    0;    0
2017-07-06 05:27:01;0.0000;67.1900;    0;    0;    0;    0;    0;    0;    0;9.8400;0.0000;    0;    0
2017-07-06 05:28:01;0.0000;67.1900;    0;    0;    0;    0;    0;    0;    0;9.9200;0.0000;    0;    0
2017-07-06 05:29:01;0.0000;67.1900;    0;    0;    0;    0;    0;    0;    0;9.8400;0.0000;    0;    0
2017-07-06 05:30:01;0.0000;67.1900;    0;    0;    0;    0;    0;    0;    0;9.7700;0.0000;    0;    0
2017-07-06 05:31:01;0.0000;67.1900;    0;    0;    0;    0;    0;    0;    0;9.8400;0.0000;    0;    0
2017-07-06 05:32:01;0.0000;67.1900;    0;    0;    0;    0;    0;    0;    0;9.9200;0.0000;    0;    0
2017-07-06 05:33:01;0.0000;67.1900;    0;    0;    0;    0;    0;    0;    0;9.9200;0.0000;    0;    0
2017-07-06 05:34:01;0.0000;67.1900;    0;    0;    0;    0;    0;    0;    0;9.8400;0.0000;    0;    0
2017-07-06 05:35:01;0.0000;67.1900;    0;    0;    0;    0;    0;    0;    0;9.7700;0.0000;    0;    0
2017-07-06 05:36:01;0.0000;67.1900;    0;    0;    0;    0;    0;    0;    0;9.8400;0.0000;    0;    0
2017-07-06 05:37:01;0.0000;67.1900;    0;    0;    0;    0;    0;    0;    0;9.8400;0.0000;    0;    0
2017-07-06 05:38:01;0.0000;67.1900;    0;    0;    0;    0;    0;    0;    0;9.7700;0.0000;    0;    0
2017-07-06 05:39:01;0.0000;67.1900;    0;    0;    0;    0;    0;    0;    0;9.7700;0.0000;    0;    0
2017-07-06 05:40:01;0.0000;67.1900;    0;    0;    0;    0;    0;    0;    0;9.6900;0.0000;    0;    0
2017-07-06 05:41:01;0.0000;67.1900;    0;    0;    0;    0;    0;    0;    0;9.6900;0.0000;    0;    0
2017-07-06 05:42:01;0.0000;67.1900;    0;    0;    0;    0;    0;    0;    0;9.7700;0.0000;    0;    0
2017-07-06 05:43:01;0.0000;67.1900;    0;    0;    0;    0;    0;    0;    0;9.7700;0.0000;    0;    0
2017-07-06 05:44:01;0.0000;67.1900;    0;    0;    0;    0;    0;    0;    0;9.8400;0.0000;    0;    0
2017-07-06 05:45:01;0.0000;67.1900;    0;    0;    0;    0;    0;    0;    0;9.8400;0.0000;    0;    0
2017-07-06 05:46:01;0.0000;67.1900;    0;    0;    0;    0;    0;    0;    0;9.7700;0.0000;    0;    0
2017-07-06 05:47:01;0.0000;67.1900;    0;    0;    0;    0;    0;    0;    0;9.6900;0.0000;    0;    0
2017-07-06 05:48:01;0.0000;67.1900;    0;    0;    0;    0;    0;    0;    0;9.6900;0.0000;    0;    0
2017-07-06 05:49:01;0.0000;67.1900;    0;    0;    0;    0;    0;    0;    0;9.8400;0.0000;    0;    0
2017-07-06 05:50:01;0.0000;67.1900;    0;    0;    0;    0;    0;    0;    0;9.8400;0.0000;    0;    0
2017-07-06 05:51:01;0.0000;67.1900;    0;    0;    0;    0;    0;    0;    0;9.7700;0.0000;    0;    0
2017-07-06 05:52:01;0.0000;67.1900;    0;    0;    0;    0;    0;    0;    0;9.7700;0.0000;    0;    0
2017-07-06 05:53:01;0.0000;67.1900;    0;    0;    0;    0;    0;    0;    0;9.7700;0.0000;    0;    0
2017-07-06 05:54:01;0.0000;67.1900;    0;    0;    0;    0;    0;    0;    0;9.7700;0.0000;    0;    0
2017-07-06 05:55:01;0.0000;67.1900;    0;    0;    0;    0;    0;    0;    0;9.7700;0.0000;    0;    0
2017-07-06 05:56:01;0.0000;67.1900;    0;    0;    0;    0;    0;    0;    0;9.7700;0.0000;    0;    0
2017-07-06 05:57:01;0.0000;67.1900;    0;    0;    0;    0;    0;    0;    0;9.7700;0.0000;    0;    0
2017-07-06 05:58:01;0.0000;67.1900;    0;    0;    0;    0;    0;    0;    0;9.6900;0.0000;    0;    0
2017-07-06 05:59:01;0.0000;67.1900;    0;    0;    0;    0;    0;    0;    0;9.8400;0.0000;    0;    0
2017-07-06 06:00:01;0.0000;67.1900;    0;    0;    0;    0;    0;    0;    0;9.7700;0.0000;    0;    0
2017-07-06 06:01:01;0.0000;67.1900;    0;    0;    0;    0;    0;    0;    0;9.8400;0.0000;    0;    0
2017-07-06 06:02:01;0.0000;67.1900;    0;    0;    0;    0;    0;    0;    0;9.6900;0.0000;    0;    0
2017-07-06 06:03:01;0.0000;67.1900;    0;    0;    0;    0;    0;    0;    0;9.7700;0.0000;    0;    0
2017-07-06 06:04:01;0.0000;67.1900;    0;    0;    0;    0;    0;    0;    0;9.8400;0.0000;    0;    0
2017-07-06 06:05:01;0.0000;67.1900;    0;    0;    0;    0;    0;    0;    0;9.8400;0.0000;    0;    0
2017-07-06 06:06:01;0.0000;67.1900;    0;    0;    0;    0;    0;    0;    0;9.9200;0.0000;    0;    0
2017-07-06 06:07:01;0.0000;67.1900;    0;    0;    0;    0;    0;    0;    0;9.9200;0.0000;    0;    0
2017-07-06 06:08:01;0.0000;67.1900;    0;    0;    0;    0;    0;    0;    0;10.0000;0.0000;    0;    0
2017-07-06 06:09:01;0.0000;67.1900;    0;    0;    0;    0;    0;    0;    0;10.0000;0.0000;    0;    0
2017-07-06 06:10:01;0.0000;67.1900;    0;    0;    0;    0;    0;    0;    0;9.8400;0.0000;    0;    0
2017-07-06 06:11:01;0.0000;67.1900;    0;    0;    0;    0;    0;    0;    0;9.8400;0.0000;    0;    0
2017-07-06 06:12:01;0.0000;67.1900;    0;    0;    0;    0;    0;    0;    0;9.8400;0.0000;    0;    0
2017-07-06 06:13:01;0.0000;67.1900;    0;    0;    0;    0;    0;    0;    0;9.8400;0.0000;    0;    0
2017-07-06 06:14:01;0.0000;67.1900;    0;    0;    0;    0;    0;    0;    0;9.8400;0.0000;    0;    0
2017-07-06 06:15:01;0.0000;67.1900;    0;    0;    0;    0;    0;    0;    0;9.9200;0.0000;    0;    0
2017-07-06 06:16:01;0.0000;67.1900;    0;    0;    0;    0;    0;    0;    0;9.9200;0.0000;    0;    0
2017-07-06 06:17:01;0.0000;67.1900;    0;    0;    0;    0;    0;    0;    0;9.9200;0.0000;    0;    0
2017-07-06 06:18:01;0.0000;67.1900;    0;    0;    0;    0;    0;    0;    0;9.8400;0.0000;    0;    0
2017-07-06 06:19:01;0.0000;67.1900;    0;    0;    0;    0;    0;    0;    0;9.8400;0.0000;    0;    0
2017-07-06 06:20:01;0.0000;67.1900;    0;    0;    0;    0;    0;    0;    0;9.8400;0.0000;    0;    0
2017-07-06 06:21:01;0.0000;67.1900;    0;    0;    0;    0;    0;    0;    0;9.7700;0.0000;    0;    0
2017-07-06 06:22:01;0.0000;67.1900;    0;    0;    0;    0;    0;    0;    0;9.6200;0.0000;    0;    0
2017-07-06 06:23:01;0.0000;67.1900;    0;    0;    0;    0;    0;    0;    0;9.7700;0.0000;    0;    0
2017-07-06 06:24:01;0.0000;67.1900;    0;    0;    0;    0;    0;    0;    0;10.1500;0.0000;    0;    0
2017-07-06 06:25:01;0.0000;67.1900;    0;    0;    0;    0;    0;    0;    0;10.0000;0.0000;    0;    0
2017-07-06 06:26:01;0.0000;67.1900;    0;    0;    0;    0;    0;    0;    0;9.6900;0.0000;    0;    0
2017-07-06 06:27:01;0.0000;67.1900;    0;    0;    0;    0;    0;    0;    0;9.6900;0.0000;    0;    0
2017-07-06 06:28:01;0.0000;67.1900;    0;    0;    0;    0;    0;    0;    0;9.8400;0.0000;    0;    0
2017-07-06 06:29:01;0.0000;67.1900;    0;    0;    0;    0;    0;    0;    0;10.2300;0.0000;    0;    0
2017-07-06 06:30:01;0.0000;67.1900;    0;    0;    0;    0;    0;    0;    0;10.2300;0.0000;    0;    0
2017-07-06 06:31:01;0.0000;67.1900;    0;    0;    0;    0;    0;    0;    0;10.0700;0.0000;    0;    0
2017-07-06 06:32:01;0.0000;67.1900;    0;    0;    0;    0;    0;    0;    0;10.1500;0.0000;    0;    0
2017-07-06 06:33:01;0.0000;67.1900;    0;    0;    0;    0;    0;    0;    0;10.1500;0.0000;    0;    0
2017-07-06 06:34:01;0.0000;67.1900;    0;    0;    0;    0;    0;    0;    0;10.2300;0.0000;    0;    0
2017-07-06 06:35:01;0.0000;67.1900;    0;    0;    0;    0;    0;    0;    0;10.2300;0.0000;    0;    0
2017-07-06 06:36:01;0.0000;67.1900;    0;    0;    0;    0;    0;    0;    0;10.3100;0.0000;    0;    0
2017-07-06 06:37:01;0.0000;67.1900;    0;    0;    0;    0;    0;    0;    0;10.4600;0.0000;    0;    0
2017-07-06 06:38:01;0.0000;67.1900;    0;    0;    0;    0;    0;    0;    0;10.3900;0.0000;    0;    0
2017-07-06 06:39:01;0.0000;67.1900;    0;    0;    0;    0;    0;    0;    0;10.4600;0.0000;    0;    0
2017-07-06 06:40:01;0.0000;67.1900;    0;    0;    0;    0;    0;    0;    0;10.3900;0.0000;    0;    0
2017-07-06 06:41:01;0.0000;67.1900;    0;    0;    0;    0;    0;    0;    0;10.3100;0.0000;    0;    0
2017-07-06 06:42:01;0.0000;67.1900;    0;    0;    0;    0;    0;    0;    0;10.1500;0.0000;    0;    0
2017-07-06 06:43:01;0.0000;67.1900;    0;    0;    0;    0;    0;    0;    0;10.1500;0.0000;    0;    0
2017-07-06 06:44:01;0.0000;67.1900;    0;    0;    0;    0;    0;    0;    0;10.1500;0.0000;    0;    0
2017-07-06 06:45:01;0.0000;67.1900;    0;    0;    0;    0;    0;    0;    0;10.1500;0.0000;    0;    0
2017-07-06 06:46:01;0.0000;67.1900;    0;    0;    0;    0;    0;    0;    0;10.0700;0.0000;    0;    0
2017-07-06 06:47:01;0.0000;67.1900;    0;    0;    0;    0;    0;    0;    0;9.7700;0.0000;    0;    0
2017-07-06 06:48:01;0.0000;67.1900;    0;    0;    0;    0;    0;    0;    0;9.5400;0.0000;    0;    0
2017-07-06 06:49:01;0.0000;67.1900;    0;    0;    0;    0;    0;    0;    0;9.6200;0.0000;    0;    0
2017-07-06 06:50:01;0.0000;67.1900;    0;    0;    0;    0;    0;    0;    0;9.4600;0.0000;    0;    0
2017-07-06 06:51:01;0.0000;67.1900;    0;    0;    0;    0;    0;    0;    0;9.4600;0.0000;    0;    0
2017-07-06 06:52:01;0.0000;67.1900;    0;    0;    0;    0;    0;    0;    0;9.4600;0.0000;    0;    0
2017-07-06 06:53:01;0.0000;67.1900;    0;    0;    0;    0;    0;    0;    0;9.4600;0.0000;    0;    0
2017-07-06 06:54:01;0.0000;67.1900;    0;    0;    0;    0;    0;    0;    0;9.4600;0.0000;    0;    0
2017-07-06 06:55:01;0.0000;67.1900;    0;    0;    0;    0;    0;    0;    0;9.6200;0.0000;    0;    0
2017-07-06 06:56:01;0.0000;67.1900;    0;    0;    0;    0;    0;    0;    0;9.7700;0.0000;    0;    0
2017-07-06 06:57:01;0.0000;67.1900;    0;    0;    0;    0;    0;    0;    0;10.1500;0.0000;    0;    0
2017-07-06 06:58:01;0.0000;67.1900;    0;    0;    0;    0;    0;    0;    0;10.5400;0.0000;    0;    0
2017-07-06 06:59:01;0.0000;67.1900;    0;    0;    0;    0;    0;    0;    0;10.7700;0.0000;    0;    0
2017-07-06 07:00:01;0.0000;67.1900;    0;    0;    0;    0;    0;    0;    0;10.9200;0.0000;    0;    0
2017-07-06 07:01:01;0.0000;67.1900;    0;    0;    0;    0;    0;    0;    0;10.6200;0.0000;    0;    0
2017-07-06 07:02:01;0.0000;67.1900;    0;    0;    0;    0;    0;    0;    0;10.3900;0.0000;    0;    0
2017-07-06 07:03:01;0.0000;67.1900;    0;    0;    0;    0;    0;    0;    0;10.2300;0.0000;    0;    0
2017-07-06 07:04:01;0.0000;67.1900;    0;    0;    0;    0;    0;    0;    0;10.3900;0.0000;    0;    0
2017-07-06 07:05:01;0.0000;67.1900;    0;    0;    0;    0;    0;    0;    0;10.5400;0.0000;    0;    0
2017-07-06 07:06:01;0.0000;67.1900;    0;    0;    0;    0;    0;    0;    0;10.5400;0.0000;    0;    0
2017-07-06 07:07:01;0.0000;67.1900;    0;    0;    0;    0;    0;    0;    0;10.5400;0.0000;    0;    0
2017-07-06 07:08:01;0.0000;67.1900;    0;    0;    0;    0;    0;    0;    0;10.7700;0.0000;    0;    0
2017-07-06 07:09:01;0.0000;67.1900;    0;    0;    0;    0;    0;    0;    0;11.7000;0.0000;    0;    0
2017-07-06 07:10:01;0.0000;67.1900;    0;    0;    0;    0;    0;    0;    0;12.0800;0.0000;    0;    0
2017-07-06 07:11:01;0.0000;67.1900;    0;    0;    0;    0;    0;    0;    0;11.9300;0.0000;    0;    0
2017-07-06 07:12:01;0.0000;67.1900;    0;    0;    0;    0;    0;    0;    0;11.7700;0.0000;    0;    0
2017-07-06 07:13:01;0.0000;67.1900;    0;    0;    0;    0;    0;    0;    0;12.0800;0.0000;    0;    0
2017-07-06 07:14:01;0.0000;67.1900;    0;    0;    0;    0;    0;    0;    0;12.3200;0.0000;    0;    0
2017-07-06 07:15:01;0.0000;67.1900;    0;    0;    0;    0;    0;    0;    0;12.3200;0.0000;    0;    0
2017-07-06 07:16:01;0.0000;67.1900;    0;    0;    0;    0;    0;    0;    0;12.5500;0.0000;    0;    0
2017-07-06 07:17:01;0.0000;67.1900;    0;    0;    0;    0;    0;    0;    0;12.1600;0.0000;    0;    0
2017-07-06 07:18:01;0.0000;67.1900;    0;    0;    0;    0;    0;    0;    0;12.1600;0.0000;    0;    0
2017-07-06 07:19:01;0.0000;67.1900;    0;    0;    0;    0;    0;    0;    0;12.3900;0.0000;    0;    0
2017-07-06 07:20:01;0.0000;67.1900;    0;    0;    0;    0;    0;    0;    0;11.9300;0.0000;    0;    0
2017-07-06 07:21:01;0.0000;67.1900;    0;    0;    0;    0;    0;    0;    0;11.7700;0.0000;    0;    0
2017-07-06 07:22:01;0.0000;67.1900;    0;    0;    0;    0;    0;    0;    0;11.5400;0.0000;    0;    0
2017-07-06 07:23:01;0.0000;67.1900;    0;    0;    0;    0;    0;    0;    0;11.2300;0.0000;    0;    0
2017-07-06 07:24:01;0.0000;67.1900;    0;    0;    0;    0;    0;    0;    0;10.8500;0.0000;    0;    0
2017-07-06 07:25:01;0.0000;67.1900;    0;    0;    0;    0;    0;    0;    0;10.5400;0.0000;    0;    0
2017-07-06 07:26:01;0.0000;67.1900;    0;    0;    0;    0;    0;    0;    0;10.3900;0.0000;    0;    0
2017-07-06 07:27:01;0.0000;67.1900;    0;    0;    0;    0;    0;    0;    0;10.3900;0.0000;    0;    0
2017-07-06 07:28:01;0.0000;67.1900;    0;    0;    0;    0;    0;    0;    0;10.3900;0.0000;    0;    0
2017-07-06 07:29:01;0.0000;67.1900;    0;    0;    0;    0;    0;    0;    0;10.7700;0.0000;    0;    0
2017-07-06 07:30:01;0.0000;67.1900;    0;    0;    0;    0;    0;    0;    0;10.6900;0.0000;    0;    0
2017-07-06 07:31:01;0.0000;67.1900;    0;    0;    0;    0;    0;    0;    0;10.6900;0.0000;    0;    0
2017-07-06 07:32:01;0.0000;67.1900;    0;    0;    0;    0;    0;    0;    0;10.7700;0.0000;    0;    0
2017-07-06 07:33:01;0.0000;67.1900;    0;    0;    0;    0;    0;    0;    0;10.7700;0.0000;    0;    0
2017-07-06 07:34:01;0.0000;67.1900;    0;    0;    0;    0;    0;    0;    0;10.9200;0.0000;    0;    0
2017-07-06 07:35:01;0.0000;67.1900;    0;    0;    0;    0;    0;    0;    0;11.0000;0.0000;    0;    0
2017-07-06 07:36:01;0.0000;67.1900;    0;    0;    0;    0;    0;    0;    0;10.9200;0.0000;    0;    0
2017-07-06 07:37:01;0.0000;67.1900;    0;    0;    0;    0;    0;    0;    0;10.8500;0.0000;    0;    0
2017-07-06 07:38:01;0.0000;67.1900;    0;    0;    0;    0;    0;    0;    0;11.0000;0.0000;    0;    0
2017-07-06 07:39:01;0.0000;67.1900;    0;    0;    0;    0;    0;    0;    0;11.0800;0.0000;    0;    0
2017-07-06 07:40:01;0.0000;67.1900;    0;    0;    0;    0;    0;    0;    0;11.1500;0.0000;    0;    0
2017-07-06 07:41:01;0.0000;67.1900;    0;    0;    0;    0;    0;    0;    0;11.0000;0.0000;    0;    0
2017-07-06 07:42:01;0.0000;67.1900;    0;    0;    0;    0;    0;    0;    0;11.0800;0.0000;    0;    0
2017-07-06 07:43:01;0.0000;67.1900;    0;    0;    0;    0;    0;    0;    0;11.2300;0.0000;    0;    0
2017-07-06 07:44:01;0.0000;67.1900;    0;    0;    0;    0;    0;    0;    0;11.4700;0.0000;    0;    0
2017-07-06 07:45:01;0.0000;67.1900;    0;    0;    0;    0;    0;    0;    0;11.6200;0.0000;    0;    0
2017-07-06 07:46:01;0.0000;67.1900;    0;    0;    0;    0;    0;    0;    0;11.5400;0.0000;    0;    0
2017-07-06 07:47:01;0.0000;67.1900;    0;    0;    0;    0;    0;    0;    0;11.4700;0.0000;    0;    0
2017-07-06 07:48:01;0.0000;67.1900;    0;    0;    0;    0;    0;    0;    0;11.4700;0.0000;    0;    0
2017-07-06 07:49:01;0.0000;67.1900;    0;    0;    0;    0;    0;    0;    0;11.5400;0.0000;    0;    0
2017-07-06 07:50:01;0.0000;67.1900;    0;    0;    0;    0;    0;    0;    0;11.7000;0.0000;    0;    0
2017-07-06 07:51:01;0.0000;67.1900;    0;    0;    0;    0;    0;    0;    0;11.4700;0.0000;    0;    0
2017-07-06 07:52:01;0.0000;67.1900;    0;    0;    0;    0;    0;    0;    0;11.8500;0.0000;    0;    0
2017-07-06 07:53:01;0.0000;67.1900;    0;    0;    0;    0;    0;    0;    0;12.1600;0.0000;    0;    0
2017-07-06 07:54:01;0.0000;67.1900;    0;    0;    0;    0;    0;    0;    0;12.4700;0.0000;    0;    0
2017-07-06 07:55:01;0.0000;67.1900;    0;    0;    0;    0;    0;    0;    0;11.9300;0.0000;    0;    0
2017-07-06 07:56:01;0.0000;67.1900;    0;    0;    0;    0;    0;    0;    0;11.3900;0.0000;    0;    0
2017-07-06 07:57:01;0.0000;67.1900;    0;    0;    0;    0;    0;    0;    0;11.5400;0.0000;    0;    0
2017-07-06 07:58:01;0.0000;67.1900;    0;    0;    0;    0;    0;    0;    0;12.3900;0.0000;    0;    0
2017-07-06 07:59:01;0.0000;67.1900;    0;    0;    0;    0;    0;    0;    0;12.1600;0.0000;    0;    0
2017-07-06 08:00:01;0.0000;67.1900;    0;    0;    0;    0;    0;    0;    0;12.7800;0.0000;    0;    0
2017-07-06 08:01:01;0.0000;67.1900;    0;    0;    0;    0;    0;    0;    0;13.2500;0.0000;    0;    0
2017-07-06 08:02:01;0.0000;67.1900;    0;    0;    0;    0;    0;    0;    0;14.4300;0.0000;    0;    0
2017-07-06 08:03:01;0.0000;67.1900;    0;    0;    0;    0;    0;    0;    0;15.3000;0.0000;    0;    0
2017-07-06 08:04:01;0.0000;67.1900;    0;    0;    0;    0;    0;    0;    0;15.6200;0.0000;    0;    0
2017-07-06 08:05:01;0.0000;67.1900;    0;    0;    0;    0;    0;    0;    0;15.3000;0.0000;    0;    0
2017-07-06 08:06:01;0.0000;67.1900;    0;    0;    0;    0;    0;    0;    0;14.1900;0.0000;    0;    0
2017-07-06 08:07:01;0.0000;67.1900;    0;    0;    0;    0;    0;    0;    0;13.4100;0.0000;    0;    0
2017-07-06 08:08:01;0.0000;67.1900;    0;    0;    0;    0;    0;    0;    0;13.8000;0.0000;    0;    0
2017-07-06 08:09:01;0.0000;67.1900;    0;    0;    0;    0;    0;    0;    0;15.0600;0.0000;    0;    0
2017-07-06 08:10:01;0.0000;67.1900;    0;    0;    0;    0;    0;    0;    0;15.5400;0.0000;    0;    0
2017-07-06 08:11:01;0.0000;67.1900;    0;    0;    0;    0;    0;    0;    0;16.0100;0.0000;    0;    0
2017-07-06 08:12:01;0.0000;67.1900;    0;    0;    0;    0;    0;    0;    0;15.6200;0.0000;    0;    0
2017-07-06 08:13:01;0.0000;67.1900;    0;    0;    0;    0;    0;    0;    0;15.1400;0.0000;    0;    0
2017-07-06 08:14:01;0.0000;67.1900;    0;    0;    0;    0;    0;    0;    0;14.7400;0.0000;    0;    0
2017-07-06 08:15:01;0.0000;67.1900;    0;    0;    0;    0;    0;    0;    0;14.5900;0.0000;    0;    0
2017-07-06 08:16:01;0.0000;67.1900;    0;    0;    0;    0;    0;    0;    0;15.3000;0.0000;    0;    0
2017-07-06 08:17:01;0.0000;67.1900;    0;    0;    0;    0;    0;    0;    0;15.1400;0.0000;    0;    0
2017-07-06 08:18:01;0.0000;67.1900;    0;    0;    0;    0;    0;    0;    0;15.7000;0.0000;    0;    0
2017-07-06 08:19:01;0.0000;67.1900;    0;    0;    0;    0;    0;    0;    0;15.6200;0.0000;    0;    0
2017-07-06 08:20:01;0.0000;67.1900;    0;    0;    0;    0;    0;    0;    0;16.2600;0.0000;    0;    0
2017-07-06 08:21:01;0.0000;67.1900;    0;    0;    0;    0;    0;    0;    0;17.6500;0.0000;    0;    0
2017-07-06 08:22:01;0.0000;67.1900;    0;    0;    0;    0;    0;    0;    0;18.3900;0.0000;    0;    0
2017-07-06 08:23:01;0.0000;67.1900;    0;    0;    0;    0;    0;    0;    0;18.6400;0.0000;    0;    0
2017-07-06 08:24:01;0.0000;67.1900;    0;    0;    0;    0;    0;    0;    0;18.6400;0.0000;    0;    0
2017-07-06 08:25:01;0.0000;67.1900;    0;    0;    0;    0;    0;    0;    0;19.1400;0.0000;    0;    0
2017-07-06 08:26:01;0.0000;67.1900;    0;    0;    0;    0;    0;    0;    0;19.5700;0.0000;    0;    0
2017-07-06 08:27:01;0.0000;67.1900;    0;    0;    0;    0;    0;    0;    0;18.9700;0.0000;    0;    0
2017-07-06 08:28:01;0.0000;67.1900;    0;    0;    0;    0;    0;    0;    0;16.5900;0.0000;    0;    0
2017-07-06 08:29:01;0.0000;67.1900;    0;    0;    0;    0;    0;    0;    0;14.5100;0.0000;    0;    0
2017-07-06 08:30:01;0.0000;67.1900;    0;    0;    0;    0;    0;    0;    0;14.1900;0.0000;    0;    0
2017-07-06 08:31:01;0.0000;67.1900;    0;    0;    0;    0;    0;    0;    0;13.7200;0.0000;    0;    0
2017-07-06 08:32:01;0.0000;67.1900;    0;    0;    0;    0;    0;    0;    0;13.8000;0.0000;    0;    0
2017-07-06 08:33:01;0.0000;67.1900;    0;    0;    0;    0;    0;    0;    0;14.9800;0.0000;    0;    0
2017-07-06 08:34:01;0.0000;67.1900;    0;    0;    0;    0;    0;    0;    0;15.6200;0.0000;    0;    0
2017-07-06 08:35:01;0.0000;67.1900;    0;    0;    0;    0;    0;    0;    0;15.0600;0.0000;    0;    0
2017-07-06 08:36:01;0.0000;67.1900;    0;    0;    0;    0;    0;    0;    0;15.3000;0.0000;    0;    0
2017-07-06 08:37:01;0.0000;67.1900;    0;    0;    0;    0;    0;    0;    0;16.2600;0.0000;    0;    0
2017-07-06 08:38:01;0.0000;67.1900;    0;    0;    0;    0;    0;    0;    0;15.4600;0.0000;    0;    0
2017-07-06 08:39:01;0.0000;67.1900;    0;    0;    0;    0;    0;    0;    0;15.6200;0.0000;    0;    0
2017-07-06 08:40:01;0.0000;67.1900;    0;    0;    0;    0;    0;    0;    0;15.3000;0.0000;    0;    0
2017-07-06 08:41:01;0.0000;67.1900;    0;    0;    0;    0;    0;    0;    0;15.0600;0.0000;    0;    0
2017-07-06 08:42:01;0.0000;67.1900;    0;    0;    0;    0;    0;    0;    0;15.3000;0.0000;    0;    0
2017-07-06 08:43:01;0.0000;67.1900;    0;    0;    0;    0;    0;    0;    0;16.1000;0.0000;    0;    0
2017-07-06 08:44:01;0.0000;67.1900;    0;    0;    0;    0;    0;    0;    0;17.0700;0.0000;    0;    0
2017-07-06 08:45:01;0.0000;67.1900;    0;    0;    0;    0;    0;    0;    0;17.2400;0.0000;    0;    0
2017-07-06 08:46:01;0.0000;67.1900;    0;    0;    0;    0;    0;    0;    0;17.4800;0.0000;    0;    0
2017-07-06 08:47:01;0.0000;67.1900;    0;    0;    0;    0;    0;    0;    0;17.7300;0.0000;    0;    0
2017-07-06 08:48:01;0.0000;67.1900;    0;    0;    0;    0;    0;    0;    0;18.1400;0.0000;    0;    0
2017-07-06 08:49:01;0.0000;67.1900;    0;    0;    0;    0;    0;    0;    0;16.6700;0.0000;    0;    0
2017-07-06 08:50:01;0.0000;67.1900;    0;    0;    0;    0;    0;    0;    0;15.9400;0.0000;    0;    0
2017-07-06 08:51:01;0.0000;67.1900;    0;    0;    0;    0;    0;    0;    0;16.4200;0.0000;    0;    0
2017-07-06 08:52:01;0.0000;67.1900;    0;    0;    0;    0;    0;    0;    0;16.3400;0.0000;    0;    0
2017-07-06 08:53:01;0.0000;67.1900;    0;    0;    0;    0;    0;    0;    0;16.6700;0.0000;    0;    0
2017-07-06 08:54:01;0.0000;67.1900;    0;    0;    0;    0;    0;    0;    0;15.9400;0.0000;    0;    0
2017-07-06 08:55:01;0.0000;67.1900;    0;    0;    0;    0;    0;    0;    0;15.3000;0.0000;    0;    0
2017-07-06 08:56:01;0.0000;67.1900;    0;    0;    0;    0;    0;    0;    0;14.9000;0.0000;    0;    0
2017-07-06 08:57:01;0.0000;67.1900;    0;    0;    0;    0;    0;    0;    0;14.5900;0.0000;    0;    0
2017-07-06 08:58:01;0.0000;67.1900;    0;    0;    0;    0;    0;    0;    0;14.9800;0.0000;    0;    0
2017-07-06 08:59:01;0.0000;67.1900;    0;    0;    0;    0;    0;    0;    0;15.6200;0.0000;    0;    0
2017-07-06 09:00:01;0.0000;67.1900;    0;    0;    0;    0;    0;    0;    0;15.8600;0.0000;    0;    0
2017-07-06 09:01:01;0.0000;67.1900;    0;    0;    0;    0;    0;    0;    0;16.1000;0.0000;    0;    0
2017-07-06 09:02:01;0.0000;67.1900;    0;    0;    0;    0;    0;    0;    0;16.4200;0.0000;    0;    0
2017-07-06 09:03:01;0.0000;67.1900;    0;    0;    0;    0;    0;    0;    0;16.1000;0.0000;    0;    0
2017-07-06 09:04:01;0.0000;67.1900;    0;    0;    0;    0;    0;    0;    0;15.9400;0.0000;    0;    0
2017-07-06 09:05:01;0.0000;67.1900;    0;    0;    0;    0;    0;    0;    0;15.7800;0.0000;    0;    0
2017-07-06 09:06:01;0.0000;67.1900;    0;    0;    0;    0;    0;    0;    0;15.7000;0.0000;    0;    0
2017-07-06 09:07:01;0.0000;67.1900;    0;    0;    0;    0;    0;    0;    0;15.7800;0.0000;    0;    0
2017-07-06 09:08:01;0.0000;67.1900;    0;    0;    0;    0;    0;    0;    0;16.1000;0.0000;    0;    0
2017-07-06 09:09:01;0.0000;67.1900;    0;    0;    0;    0;    0;    0;    0;16.0100;0.0000;    0;    0
2017-07-06 09:10:01;0.0000;67.1900;    0;    0;    0;    0;    0;    0;    0;15.3000;0.0000;    0;    0
2017-07-06 09:11:01;0.0000;67.1900;    0;    0;    0;    0;    0;    0;    0;15.7800;0.0000;    0;    0
2017-07-06 09:12:01;0.0000;67.1900;    0;    0;    0;    0;    0;    0;    0;15.7000;0.0000;    0;    0
2017-07-06 09:13:01;0.0000;67.1900;    0;    0;    0;    0;    0;    0;    0;15.5400;0.0000;    0;    0
2017-07-06 09:14:01;0.0000;67.1900;    0;    0;    0;    0;    0;    0;    0;15.3000;0.0000;    0;    0
2017-07-06 09:15:01;0.0000;67.1900;    0;    0;    0;    0;    0;    0;    0;15.2200;0.0000;    0;    0
2017-07-06 09:16:01;0.0000;67.1900;    0;    0;    0;    0;    0;    0;    0;15.6200;0.0000;    0;    0
2017-07-06 09:17:01;0.0000;67.1900;    0;    0;    0;    0;    0;    0;    0;16.1800;0.0000;    0;    0
2017-07-06 09:18:01;0.0000;67.1900;    0;    0;    0;    0;    0;    0;    0;15.8600;0.0000;    0;    0
2017-07-06 09:19:01;0.0000;67.1900;    0;    0;    0;    0;    0;    0;    0;16.1000;0.0000;    0;    0
2017-07-06 09:20:01;0.0000;67.1900;    0;    0;    0;    0;    0;    0;    0;16.0100;0.0000;    0;    0
2017-07-06 09:21:01;0.0000;67.1900;    0;    0;    0;    0;    0;    0;    0;15.4600;0.0000;    0;    0
2017-07-06 09:22:01;0.0000;67.1900;    0;    0;    0;    0;    0;    0;    0;15.7800;0.0000;    0;    0
2017-07-06 09:23:01;0.0000;67.1900;    0;    0;    0;    0;    0;    0;    0;16.1800;0.0000;    0;    0
2017-07-06 09:24:01;0.0000;67.1900;    0;    0;    0;    0;    0;    0;    0;17.0700;0.0000;    0;    0
2017-07-06 09:25:01;0.0000;67.1900;    0;    0;    0;    0;    0;    0;    0;17.6500;0.0000;    0;    0
2017-07-06 09:26:01;0.0000;67.1900;    0;    0;    0;    0;    0;    0;    0;16.8300;0.0000;    0;    0
2017-07-06 09:27:01;0.0000;67.1900;    0;    0;    0;    0;    0;    0;    0;17.1500;0.0000;    0;    0
2017-07-06 09:28:01;0.0000;67.1900;    0;    0;    0;    0;    0;    0;    0;16.9900;0.0000;    0;    0
2017-07-06 09:29:01;0.0000;67.1900;    0;    0;    0;    0;    0;    0;    0;17.4000;0.0000;    0;    0
2017-07-06 09:30:01;0.0000;67.1900;    0;    0;    0;    0;    0;    0;    0;17.4800;0.0000;    0;    0
2017-07-06 09:31:01;0.0000;67.1900;    0;    0;    0;    0;    0;    0;    0;17.6500;0.0000;    0;    0
2017-07-06 09:32:01;0.0000;67.1900;    0;    0;    0;    0;    0;    0;    0;17.4000;0.0000;    0;    0
2017-07-06 09:33:01;0.0000;67.1900;    0;    0;    0;    0;    0;    0;    0;18.1400;0.0000;    0;    0
2017-07-06 09:34:01;0.0000;67.1900;    0;    0;    0;    0;    0;    0;    0;17.4000;0.0000;    0;    0
2017-07-06 09:35:01;0.0000;67.1900;    0;    0;    0;    0;    0;    0;    0;17.5700;0.0000;    0;    0
2017-07-06 09:36:01;0.0000;67.1900;    0;    0;    0;    0;    0;    0;    0;17.5700;0.0000;    0;    0
2017-07-06 09:37:01;0.0000;67.1900;    0;    0;    0;    0;    0;    0;    0;17.1500;0.0000;    0;    0
2017-07-06 09:38:01;0.0000;67.1900;    0;    0;    0;    0;    0;    0;    0;16.7500;0.0000;    0;    0
2017-07-06 09:39:01;0.0000;67.1900;    0;    0;    0;    0;    0;    0;    0;16.9900;0.0000;    0;    0
2017-07-06 09:40:01;0.0000;67.1900;    0;    0;    0;    0;    0;    0;    0;16.8300;0.0000;    0;    0
2017-07-06 09:41:01;0.0000;67.1900;    0;    0;    0;    0;    0;    0;    0;17.0700;0.0000;    0;    0
2017-07-06 09:42:01;0.0000;67.1900;    0;    0;    0;    0;    0;    0;    0;16.4200;0.0000;    0;    0
2017-07-06 09:43:01;0.0000;67.1900;    0;    0;    0;    0;    0;    0;    0;16.1800;0.0000;    0;    0
2017-07-06 09:44:01;0.0000;67.1900;    0;    0;    0;    0;    0;    0;    0;16.8300;0.0000;    0;    0
2017-07-06 09:45:01;0.0000;67.1900;    0;    0;    0;    0;    0;    0;    0;17.7300;0.0000;    0;    0
2017-07-06 09:46:01;0.0000;67.1900;    0;    0;    0;    0;    0;    0;    0;17.8100;0.0000;    0;    0
2017-07-06 09:47:01;0.0000;67.1900;    0;    0;    0;    0;    0;    0;    0;17.8900;0.0000;    0;    0
2017-07-06 09:48:01;0.0000;67.1900;    0;    0;    0;    0;    0;    0;    0;17.2400;0.0000;    0;    0
2017-07-06 09:49:01;0.0000;67.1900;    0;    0;    0;    0;    0;    0;    0;17.8100;0.0000;    0;    0
2017-07-06 09:50:01;0.0000;67.1900;    0;    0;    0;    0;    0;    0;    0;18.3900;0.0000;    0;    0
2017-07-06 09:51:01;0.0000;67.1900;    0;    0;    0;    0;    0;    0;    0;17.9700;0.0000;    0;    0
2017-07-06 09:52:01;0.0000;67.1900;    0;    0;    0;    0;    0;    0;    0;18.0600;0.0000;    0;    0
2017-07-06 09:53:01;0.0000;67.1900;    0;    0;    0;    0;    0;    0;    0;18.4800;0.0000;    0;    0
2017-07-06 09:54:01;0.0000;67.1900;    0;    0;    0;    0;    0;    0;    0;18.4800;0.0000;    0;    0
2017-07-06 09:55:01;0.0000;67.1900;    0;    0;    0;    0;    0;    0;    0;17.8100;0.0000;    0;    0
2017-07-06 09:56:01;0.0000;67.1900;    0;    0;    0;    0;    0;    0;    0;17.9700;0.0000;    0;    0
2017-07-06 09:57:01;0.0000;67.1900;    0;    0;    0;    0;    0;    0;    0;18.3100;0.0000;    0;    0
2017-07-06 09:58:01;0.0000;67.1900;    0;    0;    0;    0;    0;    0;    0;18.5600;0.0000;    0;    0
2017-07-06 09:59:01;0.0000;67.1900;    0;    0;    0;    0;    0;    0;    0;18.4800;0.0000;    0;    0
2017-07-06 10:00:01;0.0000;67.1900;    0;    0;    0;    0;    0;    0;    0;18.4800;0.0000;    0;    0
2017-07-06 10:01:01;0.0000;67.1900;    0;    0;    0;    0;    0;    0;    0;19.0600;0.0000;    0;    0
2017-07-06 10:02:01;0.0000;67.1900;    0;    0;    0;    0;    0;    0;    0;18.2200;0.0000;    0;    0
2017-07-06 10:03:01;0.0000;67.1900;    0;    0;    0;    0;    0;    0;    0;17.4800;0.0000;    0;    0
2017-07-06 10:04:01;0.0000;67.1900;    0;    0;    0;    0;    0;    0;    0;17.4800;0.0000;    0;    0
2017-07-06 10:05:01;0.0000;67.1900;    0;    0;    0;    0;    0;    0;    0;17.9700;0.0000;    0;    0
2017-07-06 10:06:01;0.0000;67.1900;    0;    0;    0;    0;    0;    0;    0;18.8100;0.0000;    0;    0
2017-07-06 10:07:01;0.0000;67.1900;    0;    0;    0;    0;    0;    0;    0;19.4000;0.0000;    0;    0
2017-07-06 10:08:01;0.0000;67.1900;    0;    0;    0;    0;    0;    0;    0;18.6400;0.0000;    0;    0
2017-07-06 10:09:01;0.0000;67.1900;    0;    0;    0;    0;    0;    0;    0;18.8900;0.0000;    0;    0
2017-07-06 10:10:01;0.0000;67.1900;    0;    0;    0;    0;    0;    0;    0;19.5700;0.0000;    0;    0
2017-07-06 10:11:01;0.0000;67.1900;    0;    0;    0;    0;    0;    0;    0;19.4000;0.0000;    0;    0
2017-07-06 10:12:01;0.0000;67.1900;    0;    0;    0;    0;    0;    0;    0;18.8900;0.0000;    0;    0
2017-07-06 10:13:01;0.0000;67.1900;    0;    0;    0;    0;    0;    0;    0;18.8900;0.0000;    0;    0
2017-07-06 10:14:01;0.0000;67.1900;    0;    0;    0;    0;    0;    0;    0;18.8900;0.0000;    0;    0
2017-07-06 10:15:01;0.0000;67.1900;    0;    0;    0;    0;    0;    0;    0;18.8900;0.0000;    0;    0
2017-07-06 10:16:01;0.0000;67.1900;    0;    0;    0;    0;    0;    0;    0;19.6500;0.0000;    0;    0
2017-07-06 10:17:01;0.0000;67.1900;    0;    0;    0;    0;    0;    0;    0;19.8200;0.0000;    0;    0
2017-07-06 10:18:01;0.0000;67.1900;    0;    0;    0;    0;    0;    0;    0;20.0700;0.0000;    0;    0
2017-07-06 10:19:01;0.0000;67.1900;    0;    0;    0;    0;    0;    0;    0;19.4000;0.0000;    0;    0
2017-07-06 10:20:01;0.0000;67.1900;    0;    0;    0;    0;    0;    0;    0;19.1400;0.0000;    0;    0
2017-07-06 10:21:01;0.0000;67.1900;    0;    0;    0;    0;    0;    0;    0;19.9900;0.0000;    0;    0
2017-07-06 10:22:01;0.0000;67.1900;    0;    0;    0;    0;    0;    0;    0;20.4200;0.0000;    0;    0
2017-07-06 10:23:01;0.0000;67.1900;    0;    0;    0;    0;    0;    0;    0;19.9000;0.0000;    0;    0
2017-07-06 10:24:01;0.0000;67.1900;    0;    0;    0;    0;    0;    0;    0;19.6500;0.0000;    0;    0
2017-07-06 10:25:01;0.0000;67.1900;    0;    0;    0;    0;    0;    0;    0;19.8200;0.0000;    0;    0
2017-07-06 10:26:01;0.0000;67.1900;    0;    0;    0;    0;    0;    0;    0;19.7400;0.0000;    0;    0
2017-07-06 10:27:01;0.0000;67.1900;    0;    0;    0;    0;    0;    0;    0;19.1400;0.0000;    0;    0
2017-07-06 10:28:01;0.0000;67.1900;    0;    0;    0;    0;    0;    0;    0;19.9000;0.0000;    0;    0
2017-07-06 10:29:01;0.0000;67.1900;    0;    0;    0;    0;    0;    0;    0;20.1600;0.0000;    0;    0
2017-07-06 10:30:01;0.0000;67.1900;    0;    0;    0;    0;    0;    0;    0;20.4200;0.0000;    0;    0
2017-07-06 10:31:01;0.0000;67.1900;    0;    0;    0;    0;    0;    0;    0;21.1100;0.0000;    0;    0
2017-07-06 10:32:01;0.0000;67.1900;    0;    0;    0;    0;    0;    0;    0;21.5500;0.0000;    0;    0
2017-07-06 10:33:01;0.0000;67.1900;    0;    0;    0;    0;    0;    0;    0;20.2500;0.0000;    0;    0
2017-07-06 10:34:01;0.0000;67.1900;    0;    0;    0;    0;    0;    0;    0;20.2500;0.0000;    0;    0
2017-07-06 10:35:01;0.0000;67.1900;    0;    0;    0;    0;    0;    0;    0;20.5900;0.0000;    0;    0
2017-07-06 10:36:01;0.0000;67.1900;    0;    0;    0;    0;    0;    0;    0;21.0200;0.0000;    0;    0
2017-07-06 10:37:01;0.0000;67.1900;    0;    0;    0;    0;    0;    0;    0;20.5900;0.0000;    0;    0
2017-07-06 10:38:01;0.0000;67.1900;    0;    0;    0;    0;    0;    0;    0;20.7600;0.0000;    0;    0
2017-07-06 10:39:01;0.0000;67.1900;    0;    0;    0;    0;    0;    0;    0;20.5900;0.0000;    0;    0
2017-07-06 10:40:01;0.0000;67.1900;    0;    0;    0;    0;    0;    0;    0;21.5500;0.0000;    0;    0
2017-07-06 10:41:01;0.0000;67.1900;    0;    0;    0;    0;    0;    0;    0;21.7200;0.0000;    0;    0
2017-07-06 10:42:01;0.0000;67.1900;    0;    0;    0;    0;    0;    0;    0;21.8100;0.0000;    0;    0
2017-07-06 10:43:01;0.0000;67.1900;    0;    0;    0;    0;    0;    0;    0;21.8100;0.0000;    0;    0
2017-07-06 10:44:01;0.0000;67.1900;    0;    0;    0;    0;    0;    0;    0;20.9300;0.0000;    0;    0
2017-07-06 10:45:01;0.0000;67.1900;    0;    0;    0;    0;    0;    0;    0;20.4200;0.0000;    0;    0
2017-07-06 10:46:01;0.0000;67.1900;    0;    0;    0;    0;    0;    0;    0;19.9900;0.0000;    0;    0
2017-07-06 10:47:01;0.0000;67.1900;    0;    0;    0;    0;    0;    0;    0;19.9900;0.0000;    0;    0
2017-07-06 10:48:01;0.0000;67.1900;    0;    0;    0;    0;    0;    0;    0;20.5100;0.0000;    0;    0
2017-07-06 10:49:01;0.0000;67.1900;    0;    0;    0;    0;    0;    0;    0;19.3100;0.0000;    0;    0
2017-07-06 10:50:01;0.0000;67.1900;    0;    0;    0;    0;    0;    0;    0;20.1600;0.0000;    0;    0
2017-07-06 10:51:01;0.0000;67.1900;    0;    0;    0;    0;    0;    0;    0;19.7400;0.0000;    0;    0
2017-07-06 10:52:01;0.0000;67.1900;    0;    0;    0;    0;    0;    0;    0;20.1600;0.0000;    0;    0
2017-07-06 10:53:01;0.0000;67.1900;    0;    0;    0;    0;    0;    0;    0;21.4600;0.0000;    0;    0
2017-07-06 10:54:01;0.0000;67.1900;    0;    0;    0;    0;    0;    0;    0;21.5500;0.0000;    0;    0
2017-07-06 10:55:01;0.0000;67.1900;    0;    0;    0;    0;    0;    0;    0;21.7200;0.0000;    0;    0
2017-07-06 10:56:01;0.0000;67.1900;    0;    0;    0;    0;    0;    0;    0;20.7600;0.0000;    0;    0
2017-07-06 10:57:01;0.0000;67.1900;    0;    0;    0;    0;    0;    0;    0;19.6500;0.0000;    0;    0
2017-07-06 10:58:01;0.0000;67.1900;    0;    0;    0;    0;    0;    0;    0;19.9000;0.0000;    0;    0
2017-07-06 10:59:01;0.0000;67.1900;    0;    0;    0;    0;    0;    0;    0;20.0700;0.0000;    0;    0
2017-07-06 11:00:01;0.0000;67.1900;    0;    0;    0;    0;    0;    0;    0;19.6500;0.0000;    0;    0
2017-07-06 11:01:01;0.0000;67.1900;    0;    0;    0;    0;    0;    0;    0;20.0700;0.0000;    0;    0
2017-07-06 11:02:01;0.0000;67.1900;    0;    0;    0;    0;    0;    0;    0;20.2500;0.0000;    0;    0
2017-07-06 11:03:01;0.0000;67.1900;    0;    0;    0;    0;    0;    0;    0;20.6800;0.0000;    0;    0
2017-07-06 11:04:01;0.0000;67.1900;    0;    0;    0;    0;    0;    0;    0;20.9300;0.0000;    0;    0
2017-07-06 11:05:01;0.0000;67.1900;    0;    0;    0;    0;    0;    0;    0;20.6800;0.0000;    0;    0
2017-07-06 11:06:01;0.0000;67.1900;    0;    0;    0;    0;    0;    0;    0;21.1100;0.0000;    0;    0
2017-07-06 11:07:01;0.0000;67.1900;    0;    0;    0;    0;    0;    0;    0;20.5900;0.0000;    0;    0
2017-07-06 11:08:01;0.0000;67.1900;    0;    0;    0;    0;    0;    0;    0;20.7600;0.0000;    0;    0
2017-07-06 11:09:01;0.0000;67.1900;    0;    0;    0;    0;    0;    0;    0;21.2000;0.0000;    0;    0
2017-07-06 11:10:01;0.0000;67.1900;    0;    0;    0;    0;    0;    0;    0;21.8100;0.0000;    0;    0
2017-07-06 11:11:01;0.0000;67.1900;    0;    0;    0;    0;    0;    0;    0;22.4300;0.0000;    0;    0
2017-07-06 11:12:01;0.0000;67.1900;    0;    0;    0;    0;    0;    0;    0;22.6100;0.0000;    0;    0
2017-07-06 11:13:01;0.0000;67.1900;    0;    0;    0;    0;    0;    0;    0;22.7000;0.0000;    0;    0
2017-07-06 11:14:01;0.0000;67.1900;    0;    0;    0;    0;    0;    0;    0;21.8100;0.0000;    0;    0
2017-07-06 11:15:01;0.0000;67.1900;    0;    0;    0;    0;    0;    0;    0;21.7200;0.0000;    0;    0
2017-07-06 11:16:01;0.0000;67.1900;    0;    0;    0;    0;    0;    0;    0;21.9800;0.0000;    0;    0
2017-07-06 11:17:01;0.0000;67.1900;    0;    0;    0;    0;    0;    0;    0;22.0700;0.0000;    0;    0
2017-07-06 11:18:01;0.0000;67.1900;    0;    0;    0;    0;    0;    0;    0;22.0700;0.0000;    0;    0
2017-07-06 11:19:01;0.0000;67.1900;    0;    0;    0;    0;    0;    0;    0;21.9000;0.0000;    0;    0
2017-07-06 11:20:01;0.0000;67.1900;    0;    0;    0;    0;    0;    0;    0;21.7200;0.0000;    0;    0
2017-07-06 11:21:01;0.0000;67.1900;    0;    0;    0;    0;    0;    0;    0;22.1600;0.0000;    0;    0
2017-07-06 11:22:01;0.0000;67.1900;    0;    0;    0;    0;    0;    0;    0;22.7000;0.0000;    0;    0
2017-07-06 11:23:01;0.0000;67.1900;    0;    0;    0;    0;    0;    0;    0;22.0700;0.0000;    0;    0
2017-07-06 11:24:01;0.0000;67.1900;    0;    0;    0;    0;    0;    0;    0;21.0200;0.0000;    0;    0
2017-07-06 11:25:01;0.0000;67.1900;    0;    0;    0;    0;    0;    0;    0;21.8100;0.0000;    0;    0
2017-07-06 11:26:01;0.0000;67.1900;    0;    0;    0;    0;    0;    0;    0;22.2500;0.0000;    0;    0
2017-07-06 11:27:01;0.0000;67.1900;    0;    0;    0;    0;    0;    0;    0;21.3700;0.0000;    0;    0
2017-07-06 11:28:01;0.0000;67.1900;    0;    0;    0;    0;    0;    0;    0;21.9000;0.0000;    0;    0
2017-07-06 11:29:01;0.0000;67.1900;    0;    0;    0;    0;    0;    0;    0;20.7600;0.0000;    0;    0
2017-07-06 11:30:01;0.0000;67.1900;    0;    0;    0;    0;    0;    0;    0;21.2000;0.0000;    0;    0
2017-07-06 11:31:01;0.0000;67.1900;    0;    0;    0;    0;    0;    0;    0;21.5500;0.0000;    0;    0
2017-07-06 11:32:01;0.0000;67.1900;    0;    0;    0;    0;    0;    0;    0;21.8100;0.0000;    0;    0
2017-07-06 11:33:01;0.0000;67.1900;    0;    0;    0;    0;    0;    0;    0;22.4300;0.0000;    0;    0
2017-07-06 11:34:01;0.0000;67.1900;    0;    0;    0;    0;    0;    0;    0;22.9600;0.0000;    0;    0
2017-07-06 11:35:01;0.0000;67.1900;    0;    0;    0;    0;    0;    0;    0;23.2400;0.0000;    0;    0
2017-07-06 11:36:01;0.0000;67.1900;    0;    0;    0;    0;    0;    0;    0;21.5500;0.0000;    0;    0
2017-07-06 11:37:01;0.0000;67.1900;    0;    0;    0;    0;    0;    0;    0;22.0700;0.0000;    0;    0
