WARNING: TIME INFORMATION IS LOCALTIME  ;;;;;;;;;;;;;;;;;;;;;;;;;;;;;;;;;;;;;;;;;;;;;;;
;R2S-UMB ID1 precipitation diff. [mm] Act;R2S-UMB ID1 precipitation absol. [mm] Act;R2S-UMB ID1 precipitation type [] Act;R2S-UMB ID1 sum of drizzle-drops [events] Act;R2S-UMB ID1 sum of rain-drops [events] Act;R2S-UMB ID1 sum of hail [events] Act;R2S-UMB ID1 drizzle flag [] Act;R2S-UMB ID1 rain flag [] Act;R2S-UMB ID1 snow flag [] Act;R2S-UMB ID1 ambient temperature [°C] Act;R2S-UMB ID1 precipitat.intensity [in/h] Act;R2S-UMB ID1 sum of hail [] Act;R2S-UMB ID1 sum of rain-drops [] Act
2016-07-15;0.0000;211.2800;    0;    0;    0;    0;    0;    0;    0;16.4200;0.0000;    0;    0
2016-07-15 00:01:00;0.0000;211.2800;    0;    0;    0;    0;    0;    0;    0;16.2600;0.0000;    0;    0
2016-07-15 00:02:00;0.0000;211.2800;    0;    0;    0;    0;    0;    0;    0;16.1000;0.0000;    0;    0
2016-07-15 00:03:00;0.0000;211.2800;    0;    0;    0;    0;    0;    0;    0;16.1800;0.0000;    0;    0
2016-07-15 00:04:00;0.0000;211.2800;    0;    0;    0;    0;    0;    0;    0;16.0100;0.0000;    0;    0
2016-07-15 00:05:00;0.0000;211.2800;    0;    0;    0;    0;    0;    0;    0;16.1000;0.0000;    0;    0
2016-07-15 00:06:00;0.0000;211.2800;    0;    0;    0;    0;    0;    0;    0;16.1800;0.0000;    0;    0
2016-07-15 00:07:00;0.0000;211.2800;    0;    0;    0;    0;    0;    0;    0;16.1800;0.0000;    0;    0
2016-07-15 00:08:00;0.0000;211.2800;    0;    0;    0;    0;    0;    0;    0;16.1800;0.0000;    0;    0
2016-07-15 00:09:00;0.0000;211.2800;    0;    0;    0;    0;    0;    0;    0;16.2600;0.0000;    0;    0
2016-07-15 00:10:00;0.0000;211.2800;    0;    0;    0;    0;    0;    0;    0;16.2600;0.0000;    0;    0
2016-07-15 00:11:00;0.0000;211.2800;    0;    0;    0;    0;    0;    0;    0;16.2600;0.0000;    0;    0
2016-07-15 00:12:00;0.0000;211.2800;    0;    0;    0;    0;    0;    0;    0;16.2600;0.0000;    0;    0
2016-07-15 00:13:00;0.0000;211.2800;    0;    0;    0;    0;    0;    0;    0;16.3400;0.0000;    0;    0
2016-07-15 00:14:00;0.0000;211.2800;    0;    0;    0;    0;    0;    0;    0;16.3400;0.0000;    0;    0
2016-07-15 00:15:00;0.0000;211.2800;    0;    0;    0;    0;    0;    0;    0;16.3400;0.0000;    0;    0
2016-07-15 00:16:00;0.0000;211.2800;    0;    0;    0;    0;    0;    0;    0;16.3400;0.0000;    0;    0
2016-07-15 00:17:00;0.0000;211.2800;    0;    0;    0;    0;    0;    0;    0;16.2600;0.0000;    0;    0
2016-07-15 00:18:00;0.0000;211.2800;    0;    0;    0;    0;    0;    0;    0;16.3400;0.0000;    0;    0
2016-07-15 00:19:00;0.0000;211.2800;    0;    0;    0;    0;    0;    0;    0;16.3400;0.0000;    0;    0
2016-07-15 00:20:00;0.0000;211.2800;    0;    0;    0;    0;    0;    0;    0;16.3400;0.0000;    0;    0
2016-07-15 00:21:00;0.0000;211.2800;    0;    0;    0;    0;    0;    0;    0;16.3400;0.0000;    0;    0
2016-07-15 00:22:00;0.0000;211.2800;    0;    0;    0;    0;    0;    0;    0;16.4200;0.0000;    0;    0
2016-07-15 00:23:00;0.0000;211.2800;    0;    0;    0;    0;    0;    0;    0;16.4200;0.0000;    0;    0
2016-07-15 00:24:00;0.0000;211.2800;    0;    0;    0;    0;    0;    0;    0;16.4200;0.0000;    0;    0
2016-07-15 00:25:00;0.0000;211.2800;    0;    0;    0;    0;    0;    0;    0;16.4200;0.0000;    0;    0
2016-07-15 00:26:00;0.0000;211.2800;    0;    0;    0;    0;    0;    0;    0;16.4200;0.0000;    0;    0
2016-07-15 00:27:00;0.0000;211.2800;    0;    0;    0;    0;    0;    0;    0;16.3400;0.0000;    0;    0
2016-07-15 00:28:00;0.0000;211.2800;    0;    0;    0;    0;    0;    0;    0;16.3400;0.0000;    0;    0
2016-07-15 00:29:00;0.0000;211.2800;    0;    0;    0;    0;    0;    0;    0;16.3400;0.0000;    0;    0
2016-07-15 00:30:00;0.0000;211.2800;    0;    0;    0;    0;    0;    0;    0;16.3400;0.0000;    0;    0
2016-07-15 00:31:00;0.0000;211.2800;    0;    0;    0;    0;    0;    0;    0;16.3400;0.0000;    0;    0
2016-07-15 00:32:00;0.0000;211.2800;    0;    0;    0;    0;    0;    0;    0;16.2600;0.0000;    0;    0
2016-07-15 00:33:00;0.0000;211.2800;    0;    0;    0;    0;    0;    0;    0;16.3400;0.0000;    0;    0
2016-07-15 00:34:00;0.0000;211.2800;    0;    0;    0;    0;    0;    0;    0;16.2600;0.0000;    0;    0
2016-07-15 00:35:00;0.0000;211.2800;    0;    0;    0;    0;    0;    0;    0;16.3400;0.0000;    0;    0
2016-07-15 00:36:00;0.0000;211.2800;    0;    0;    0;    0;    0;    0;    0;16.3400;0.0000;    0;    0
2016-07-15 00:37:00;0.0000;211.2800;    0;    0;    0;    0;    0;    0;    0;16.2600;0.0000;    0;    0
2016-07-15 00:38:00;0.0000;211.2800;    0;    0;    0;    0;    0;    0;    0;16.2600;0.0000;    0;    0
2016-07-15 00:39:00;0.0000;211.2800;    0;    0;    0;    0;    0;    0;    0;16.3400;0.0000;    0;    0
2016-07-15 00:40:00;0.0000;211.2800;    0;    0;    0;    0;    0;    0;    0;16.3400;0.0000;    0;    0
2016-07-15 00:41:00;0.0000;211.2800;    0;    0;    0;    0;    0;    0;    0;16.2600;0.0000;    0;    0
2016-07-15 00:42:00;0.0000;211.2800;    0;    0;    0;    0;    0;    0;    0;16.3400;0.0000;    0;    0
2016-07-15 00:43:00;0.0000;211.2800;    0;    0;    0;    0;    0;    0;    0;16.3400;0.0000;    0;    0
2016-07-15 00:44:00;0.0000;211.2800;    0;    0;    0;    0;    0;    0;    0;16.1800;0.0000;    0;    0
2016-07-15 00:45:00;0.0000;211.2800;    0;    0;    0;    0;    0;    0;    0;16.1800;0.0000;    0;    0
2016-07-15 00:46:00;0.0000;211.2800;    0;    0;    0;    0;    0;    0;    0;16.1800;0.0000;    0;    0
2016-07-15 00:47:00;0.0000;211.2800;    0;    0;    0;    0;    0;    0;    0;16.2600;0.0000;    0;    0
2016-07-15 00:48:00;0.0000;211.2800;    0;    0;    0;    0;    0;    0;    0;16.3400;0.0000;    0;    0
2016-07-15 00:49:00;0.0000;211.2800;    0;    0;    0;    0;    0;    0;    0;16.3400;0.0000;    0;    0
2016-07-15 00:50:00;0.0000;211.2800;    0;    0;    0;    0;    0;    0;    0;16.3400;0.0000;    0;    0
2016-07-15 00:51:00;0.0000;211.2800;    0;    0;    0;    0;    0;    0;    0;16.4200;0.0000;    0;    0
2016-07-15 00:52:00;0.0000;211.2800;    0;    0;    0;    0;    0;    0;    0;16.4200;0.0000;    0;    0
2016-07-15 00:53:00;0.0000;211.2800;    0;    0;    0;    0;    0;    0;    0;16.4200;0.0000;    0;    0
2016-07-15 00:54:00;0.0000;211.2800;    0;    0;    0;    0;    0;    0;    0;16.3400;0.0000;    0;    0
2016-07-15 00:55:00;0.0000;211.2800;    0;    0;    0;    0;    0;    0;    0;16.3400;0.0000;    0;    0
2016-07-15 00:56:00;0.0000;211.2800;    0;    0;    0;    0;    0;    0;    0;16.4200;0.0000;    0;    0
2016-07-15 00:57:00;0.0000;211.2800;    0;    0;    0;    0;    0;    0;    0;16.3400;0.0000;    0;    0
2016-07-15 00:58:00;0.0000;211.2800;    0;    0;    0;    0;    0;    0;    0;16.3400;0.0000;    0;    0
2016-07-15 00:59:00;0.0000;211.2800;    0;    0;    0;    0;    0;    0;    0;16.1800;0.0000;    0;    0
2016-07-15 01:00:00;0.0000;211.2800;    0;    0;    0;    0;    0;    0;    0;16.1800;0.0000;    0;    0
2016-07-15 01:01:00;0.0000;211.2800;    0;    0;    0;    0;    0;    0;    0;16.1000;0.0000;    0;    0
2016-07-15 01:02:00;0.0000;211.2800;    0;    0;    0;    0;    0;    0;    0;16.0100;0.0000;    0;    0
2016-07-15 01:03:00;0.0000;211.2800;    0;    0;    0;    0;    0;    0;    0;16.1000;0.0000;    0;    0
2016-07-15 01:04:00;0.0000;211.2800;    0;    0;    0;    0;    0;    0;    0;16.1800;0.0000;    0;    0
2016-07-15 01:05:00;0.0000;211.2800;    0;    0;    0;    0;    0;    0;    0;16.2600;0.0000;    0;    0
2016-07-15 01:06:00;0.0000;211.2800;    0;    0;    0;    0;    0;    0;    0;16.2600;0.0000;    0;    0
2016-07-15 01:07:00;0.0000;211.2800;    0;    0;    0;    0;    0;    0;    0;16.2600;0.0000;    0;    0
2016-07-15 01:08:00;0.0000;211.2800;    0;    0;    0;    0;    0;    0;    0;16.1800;0.0000;    0;    0
2016-07-15 01:09:00;0.0000;211.2800;    0;    0;    0;    0;    0;    0;    0;16.1800;0.0000;    0;    0
2016-07-15 01:10:00;0.0000;211.2800;    0;    0;    0;    0;    0;    0;    0;16.1800;0.0000;    0;    0
2016-07-15 01:11:00;0.0000;211.2800;    0;    0;    0;    0;    0;    0;    0;16.1800;0.0000;    0;    0
2016-07-15 01:12:00;0.0000;211.2800;    0;    0;    0;    0;    0;    0;    0;16.1800;0.0000;    0;    0
2016-07-15 01:13:00;0.0000;211.2800;    0;    0;    0;    0;    0;    0;    0;16.1800;0.0000;    0;    0
2016-07-15 01:14:00;0.0000;211.2800;    0;    0;    0;    0;    0;    0;    0;16.1800;0.0000;    0;    0
2016-07-15 01:15:00;0.0000;211.2800;    0;    0;    0;    0;    0;    0;    0;16.1800;0.0000;    0;    0
2016-07-15 01:16:00;0.0000;211.2800;    0;    0;    0;    0;    0;    0;    0;16.2600;0.0000;    0;    0
2016-07-15 01:17:00;0.0000;211.2800;    0;    0;    0;    0;    0;    0;    0;16.2600;0.0000;    0;    0
2016-07-15 01:18:00;0.0000;211.2800;    0;    0;    0;    0;    0;    0;    0;16.2600;0.0000;    0;    0
2016-07-15 01:19:00;0.0000;211.2800;    0;    0;    0;    0;    0;    0;    0;16.2600;0.0000;    0;    0
2016-07-15 01:20:00;0.0000;211.2800;    0;    0;    0;    0;    0;    0;    0;16.2600;0.0000;    0;    0
2016-07-15 01:21:00;0.0000;211.2800;    0;    0;    0;    0;    0;    0;    0;16.1800;0.0000;    0;    0
2016-07-15 01:22:00;0.0000;211.2800;    0;    0;    0;    0;    0;    0;    0;16.1800;0.0000;    0;    0
2016-07-15 01:23:00;0.0000;211.2800;    0;    0;    0;    0;    0;    0;    0;16.1000;0.0000;    0;    0
2016-07-15 01:24:00;0.0000;211.2800;    0;    0;    0;    0;    0;    0;    0;16.1000;0.0000;    0;    0
2016-07-15 01:25:00;0.0000;211.2800;    0;    0;    0;    0;    0;    0;    0;16.1000;0.0000;    0;    0
2016-07-15 01:26:00;0.0000;211.2800;    0;    0;    0;    0;    0;    0;    0;16.1800;0.0000;    0;    0
2016-07-15 01:27:00;0.0000;211.2800;    0;    0;    0;    0;    0;    0;    0;16.1000;0.0000;    0;    0
2016-07-15 01:28:00;0.0000;211.2800;    0;    0;    0;    0;    0;    0;    0;16.1000;0.0000;    0;    0
2016-07-15 01:29:00;0.0000;211.2800;    0;    0;    0;    0;    0;    0;    0;16.1000;0.0000;    0;    0
2016-07-15 01:30:00;0.0000;211.2800;    0;    0;    0;    0;    0;    0;    0;16.1800;0.0000;    0;    0
2016-07-15 01:31:00;0.0000;211.2800;    0;    0;    0;    0;    0;    0;    0;16.1800;0.0000;    0;    0
2016-07-15 01:32:00;0.0000;211.2800;    0;    0;    0;    0;    0;    0;    0;16.1800;0.0000;    0;    0
2016-07-15 01:33:00;0.0000;211.2800;    0;    0;    0;    0;    0;    0;    0;16.1800;0.0000;    0;    0
2016-07-15 01:34:00;0.0000;211.2800;    0;    0;    0;    0;    0;    0;    0;16.1800;0.0000;    0;    0
2016-07-15 01:35:00;0.0000;211.2800;    0;    0;    0;    0;    0;    0;    0;16.1800;0.0000;    0;    0
2016-07-15 01:36:00;0.0000;211.2800;    0;    0;    0;    0;    0;    0;    0;16.1000;0.0000;    0;    0
2016-07-15 01:37:00;0.0000;211.2800;    0;    0;    0;    0;    0;    0;    0;16.1800;0.0000;    0;    0
2016-07-15 01:38:00;0.0000;211.2800;    0;    0;    0;    0;    0;    0;    0;16.1800;0.0000;    0;    0
2016-07-15 01:39:00;0.0000;211.2800;    0;    0;    0;    0;    0;    0;    0;16.1000;0.0000;    0;    0
2016-07-15 01:40:00;0.0000;211.2800;    0;    0;    0;    0;    0;    0;    0;16.1000;0.0000;    0;    0
2016-07-15 01:41:00;0.0000;211.2800;    0;    0;    0;    0;    0;    0;    0;16.1000;0.0000;    0;    0
2016-07-15 01:42:00;0.0000;211.2800;    0;    0;    0;    0;    0;    0;    0;16.1000;0.0000;    0;    0
2016-07-15 01:43:00;0.0000;211.2800;    0;    0;    0;    0;    0;    0;    0;16.0100;0.0000;    0;    0
2016-07-15 01:44:00;0.0000;211.2800;    0;    0;    0;    0;    0;    0;    0;16.0100;0.0000;    0;    0
2016-07-15 01:45:00;0.0000;211.2800;    0;    0;    0;    0;    0;    0;    0;16.0100;0.0000;    0;    0
2016-07-15 01:46:00;0.0000;211.2800;    0;    0;    0;    0;    0;    0;    0;16.0100;0.0000;    0;    0
2016-07-15 01:47:00;0.0000;211.2800;    0;    0;    0;    0;    0;    0;    0;16.0100;0.0000;    0;    0
2016-07-15 01:48:00;0.0000;211.2800;    0;    0;    0;    0;    0;    0;    0;16.0100;0.0000;    0;    0
2016-07-15 01:49:00;0.0000;211.2800;    0;    0;    0;    0;    0;    0;    0;16.1000;0.0000;    0;    0
2016-07-15 01:50:00;0.0000;211.2800;    0;    0;    0;    0;    0;    0;    0;16.1000;0.0000;    0;    0
2016-07-15 01:51:00;0.0000;211.2800;    0;    0;    0;    0;    0;    0;    0;16.1000;0.0000;    0;    0
2016-07-15 01:52:00;0.0000;211.2800;    0;    0;    0;    0;    0;    0;    0;16.1000;0.0000;    0;    0
2016-07-15 01:53:00;0.0000;211.2800;    0;    0;    0;    0;    0;    0;    0;16.1000;0.0000;    0;    0
2016-07-15 01:54:00;0.0000;211.2800;    0;    0;    0;    0;    0;    0;    0;16.1000;0.0000;    0;    0
2016-07-15 01:55:00;0.0000;211.2800;    0;    0;    0;    0;    0;    0;    0;16.1000;0.0000;    0;    0
2016-07-15 01:56:00;0.0000;211.2800;    0;    0;    0;    0;    0;    0;    0;16.1800;0.0000;    0;    0
2016-07-15 01:57:00;0.0000;211.2800;    0;    0;    0;    0;    0;    0;    0;16.1000;0.0000;    0;    0
2016-07-15 01:58:00;0.0000;211.2800;    0;    0;    0;    0;    0;    0;    0;16.0100;0.0000;    0;    0
2016-07-15 01:59:00;0.0000;211.2800;    0;    0;    0;    0;    0;    0;    0;15.9400;0.0000;    0;    0
2016-07-15 02:00:00;0.0000;211.2800;    0;    0;    0;    0;    0;    0;    0;15.9400;0.0000;    0;    0
2016-07-15 02:01:00;0.0000;211.2800;    0;    0;    0;    0;    0;    0;    0;15.9400;0.0000;    0;    0
2016-07-15 02:02:00;0.0000;211.2800;    0;    0;    0;    0;    0;    0;    0;16.1000;0.0000;    0;    0
2016-07-15 02:03:00;0.0000;211.2800;    0;    0;    0;    0;    0;    0;    0;16.2600;0.0000;    0;    0
2016-07-15 02:04:00;0.0000;211.2800;    0;    0;    0;    0;    0;    0;    0;16.1800;0.0000;    0;    0
2016-07-15 02:05:00;0.0000;211.2800;    0;    0;    0;    0;    0;    0;    0;16.1000;0.0000;    0;    0
2016-07-15 02:06:00;0.0000;211.2800;    0;    0;    0;    0;    0;    0;    0;15.8600;0.0000;    0;    0
2016-07-15 02:07:00;0.0000;211.2800;    0;    0;    0;    0;    0;    0;    0;15.7800;0.0000;    0;    0
2016-07-15 02:08:00;0.0000;211.2800;    0;    0;    0;    0;    0;    0;    0;15.7000;0.0000;    0;    0
2016-07-15 02:09:00;0.0000;211.2800;    0;    0;    0;    0;    0;    0;    0;15.7800;0.0000;    0;    0
2016-07-15 02:10:00;0.0000;211.2800;    0;    0;    0;    0;    0;    0;    0;15.7800;0.0000;    0;    0
2016-07-15 02:11:00;0.0000;211.2800;    0;    0;    0;    0;    0;    0;    0;15.8600;0.0000;    0;    0
2016-07-15 02:12:00;0.0000;211.2800;    0;    0;    0;    0;    0;    0;    0;15.9400;0.0000;    0;    0
2016-07-15 02:13:00;0.0000;211.2800;    0;    0;    0;    0;    0;    0;    0;15.9400;0.0000;    0;    0
2016-07-15 02:14:00;0.0000;211.2800;    0;    0;    0;    0;    0;    0;    0;16.0100;0.0000;    0;    0
2016-07-15 02:15:00;0.0000;211.2800;    0;    0;    0;    0;    0;    0;    0;16.0100;0.0000;    0;    0
2016-07-15 02:16:00;0.0000;211.2800;    0;    0;    0;    0;    0;    0;    0;16.1000;0.0000;    0;    0
2016-07-15 02:17:00;0.0000;211.2800;    0;    0;    0;    0;    0;    0;    0;16.1000;0.0000;    0;    0
2016-07-15 02:18:00;0.0000;211.2800;    0;    0;    0;    0;    0;    0;    0;16.1000;0.0000;    0;    0
2016-07-15 02:19:00;0.0000;211.2800;    0;    0;    0;    0;    0;    0;    0;16.0100;0.0000;    0;    0
2016-07-15 02:20:00;0.0000;211.2800;    0;    0;    0;    0;    0;    0;    0;16.1000;0.0000;    0;    0
2016-07-15 02:21:00;0.0000;211.2800;    0;    0;    0;    0;    0;    0;    0;16.0100;0.0000;    0;    0
2016-07-15 02:22:00;0.0000;211.2800;    0;    0;    0;    0;    0;    0;    0;16.0100;0.0000;    0;    0
2016-07-15 02:23:00;0.0000;211.2800;    0;    0;    0;    0;    0;    0;    0;16.0100;0.0000;    0;    0
2016-07-15 02:24:00;0.0000;211.2800;    0;    0;    0;    0;    0;    0;    0;16.0100;0.0000;    0;    0
2016-07-15 02:25:00;0.0000;211.2800;    0;    0;    0;    0;    0;    0;    0;16.0100;0.0000;    0;    0
2016-07-15 02:26:00;0.0000;211.2800;    0;    0;    0;    0;    0;    0;    0;15.9400;0.0000;    0;    0
2016-07-15 02:27:00;0.0000;211.2800;    0;    0;    0;    0;    0;    0;    0;15.9400;0.0000;    0;    0
2016-07-15 02:28:00;0.0000;211.2800;    0;    0;    0;    0;    0;    0;    0;16.0100;0.0000;    0;    0
2016-07-15 02:29:00;0.0000;211.2800;    0;    0;    0;    0;    0;    0;    0;16.0100;0.0000;    0;    0
2016-07-15 02:30:00;0.0000;211.2800;    0;    0;    0;    0;    0;    0;    0;16.1800;0.0000;    0;    0
2016-07-15 02:31:00;0.0000;211.2800;    0;    0;    0;    0;    0;    0;    0;16.1000;0.0000;    0;    0
2016-07-15 02:32:00;0.0000;211.2800;    0;    0;    0;    0;    0;    0;    0;16.1800;0.0000;    0;    0
2016-07-15 02:33:00;0.0000;211.2800;    0;    0;    0;    0;    0;    0;    0;16.1000;0.0000;    0;    0
2016-07-15 02:34:00;0.0000;211.2800;    0;    0;    0;    0;    0;    0;    0;15.9400;0.0000;    0;    0
2016-07-15 02:35:00;0.0000;211.2800;    0;    0;    0;    0;    0;    0;    0;15.7800;0.0000;    0;    0
2016-07-15 02:36:00;0.0000;211.2800;    0;    0;    0;    0;    0;    0;    0;15.8600;0.0000;    0;    0
2016-07-15 02:37:00;0.0000;211.2800;    0;    0;    0;    0;    0;    0;    0;15.8600;0.0000;    0;    0
2016-07-15 02:38:00;0.0000;211.2800;    0;    0;    0;    0;    0;    0;    0;16.0100;0.0000;    0;    0
2016-07-15 02:39:00;0.0000;211.2800;    0;    0;    0;    0;    0;    0;    0;16.0100;0.0000;    0;    0
2016-07-15 02:40:00;0.0000;211.2800;    0;    0;    0;    0;    0;    0;    0;16.0100;0.0000;    0;    0
2016-07-15 02:41:00;0.0000;211.2800;    0;    0;    0;    0;    0;    0;    0;15.9400;0.0000;    0;    0
2016-07-15 02:42:00;0.0000;211.2800;    0;    0;    0;    0;    0;    0;    0;15.9400;0.0000;    0;    0
2016-07-15 02:43:00;0.0000;211.2800;    0;    0;    0;    0;    0;    0;    0;16.0100;0.0000;    0;    0
2016-07-15 02:44:00;0.0000;211.2800;    0;    0;    0;    0;    0;    0;    0;16.1000;0.0000;    0;    0
2016-07-15 02:45:00;0.0000;211.2800;    0;    0;    0;    0;    0;    0;    0;16.0100;0.0000;    0;    0
2016-07-15 02:46:00;0.0000;211.2800;    0;    0;    0;    0;    0;    0;    0;16.0100;0.0000;    0;    0
2016-07-15 02:47:00;0.0000;211.2800;    0;    0;    0;    0;    0;    0;    0;15.9400;0.0000;    0;    0
2016-07-15 02:48:00;0.0000;211.2800;    0;    0;    0;    0;    0;    0;    0;15.8600;0.0000;    0;    0
2016-07-15 02:49:00;0.0000;211.2800;    0;    0;    0;    0;    0;    0;    0;15.8600;0.0000;    0;    0
2016-07-15 02:50:00;0.0000;211.2800;    0;    0;    0;    0;    0;    0;    0;15.8600;0.0000;    0;    0
2016-07-15 02:51:00;0.0000;211.2800;    0;    0;    0;    0;    0;    0;    0;15.8600;0.0000;    0;    0
2016-07-15 02:52:00;0.0000;211.2800;    0;    0;    0;    0;    0;    0;    0;15.9400;0.0000;    0;    0
2016-07-15 02:53:00;0.0000;211.2800;    0;    0;    0;    0;    0;    0;    0;16.0100;0.0000;    0;    0
2016-07-15 02:54:00;0.0000;211.2800;    0;    0;    0;    0;    0;    0;    0;16.1000;0.0000;    0;    0
2016-07-15 02:55:00;0.0000;211.2800;    0;    0;    0;    0;    0;    0;    0;16.2600;0.0000;    0;    0
2016-07-15 02:56:00;0.0000;211.2800;    0;    0;    0;    0;    0;    0;    0;16.1800;0.0000;    0;    0
2016-07-15 02:57:00;0.0000;211.2800;    0;    0;    0;    0;    0;    0;    0;16.1800;0.0000;    0;    0
2016-07-15 02:58:00;0.0000;211.2800;    0;    0;    0;    0;    0;    0;    0;16.1000;0.0000;    0;    0
2016-07-15 02:59:00;0.0000;211.2800;    0;    0;    0;    0;    0;    0;    0;16.1000;0.0000;    0;    0
2016-07-15 03:00:00;0.0000;211.2800;    0;    0;    0;    0;    0;    0;    0;16.1000;0.0000;    0;    0
2016-07-15 03:01:00;0.0000;211.2800;    0;    0;    0;    0;    0;    0;    0;16.1800;0.0000;    0;    0
2016-07-15 03:02:00;0.0000;211.2800;    0;    0;    0;    0;    0;    0;    0;16.3400;0.0000;    0;    0
2016-07-15 03:03:00;0.0000;211.2800;    0;    0;    0;    0;    0;    0;    0;16.1800;0.0000;    0;    0
2016-07-15 03:04:00;0.0000;211.2800;    0;    0;    0;    0;    0;    0;    0;16.1000;0.0000;    0;    0
2016-07-15 03:05:00;0.0000;211.2800;    0;    0;    0;    0;    0;    0;    0;16.0100;0.0000;    0;    0
2016-07-15 03:06:00;0.0000;211.2800;    0;    0;    0;    0;    0;    0;    0;15.9400;0.0000;    0;    0
2016-07-15 03:07:00;0.0000;211.2800;    0;    0;    0;    0;    0;    0;    0;15.9400;0.0000;    0;    0
2016-07-15 03:08:00;0.0000;211.2800;    0;    0;    0;    0;    0;    0;    0;15.9400;0.0000;    0;    0
2016-07-15 03:09:00;0.0000;211.2800;    0;    0;    0;    0;    0;    0;    0;15.8600;0.0000;    0;    0
2016-07-15 03:10:00;0.0000;211.2800;    0;    0;    0;    0;    0;    0;    0;15.8600;0.0000;    0;    0
2016-07-15 03:11:00;0.0000;211.2800;    0;    0;    0;    0;    0;    0;    0;16.0100;0.0000;    0;    0
2016-07-15 03:12:00;0.0000;211.2800;    0;    0;    0;    0;    0;    0;    0;16.0100;0.0000;    0;    0
2016-07-15 03:13:00;0.0000;211.2800;    0;    0;    0;    0;    0;    0;    0;16.0100;0.0000;    0;    0
2016-07-15 03:14:00;0.0000;211.2800;    0;    0;    0;    0;    0;    0;    0;16.1800;0.0000;    0;    0
2016-07-15 03:15:00;0.0000;211.2800;    0;    0;    0;    0;    0;    0;    0;16.1800;0.0000;    0;    0
2016-07-15 03:16:00;0.0000;211.2800;    0;    0;    0;    0;    0;    0;    0;16.2600;0.0000;    0;    0
2016-07-15 03:17:00;0.0000;211.2800;    0;    0;    0;    0;    0;    0;    0;16.3400;0.0000;    0;    0
2016-07-15 03:18:00;0.0000;211.2800;    0;    0;    0;    0;    0;    0;    0;16.2600;0.0000;    0;    0
2016-07-15 03:19:00;0.0000;211.2800;    0;    0;    0;    0;    0;    0;    0;16.1800;0.0000;    0;    0
2016-07-15 03:20:00;0.0000;211.2800;    0;    0;    0;    0;    0;    0;    0;16.1000;0.0000;    0;    0
2016-07-15 03:21:00;0.0000;211.2800;    0;    0;    0;    0;    0;    0;    0;16.1800;0.0000;    0;    0
2016-07-15 03:22:00;0.0000;211.2800;    0;    0;    0;    0;    0;    0;    0;16.2600;0.0000;    0;    0
2016-07-15 03:23:00;0.0000;211.2800;    0;    0;    0;    0;    0;    0;    0;16.2600;0.0000;    0;    0
2016-07-15 03:24:00;0.0000;211.2800;    0;    0;    0;    0;    0;    0;    0;16.1800;0.0000;    0;    0
2016-07-15 03:25:00;0.0000;211.2800;    0;    0;    0;    0;    0;    0;    0;16.1800;0.0000;    0;    0
2016-07-15 03:26:00;0.0000;211.2800;    0;    0;    0;    0;    0;    0;    0;16.0100;0.0000;    0;    0
2016-07-15 03:27:00;0.0000;211.2800;    0;    0;    0;    0;    0;    0;    0;16.0100;0.0000;    0;    0
2016-07-15 03:28:00;0.0000;211.2800;    0;    0;    0;    0;    0;    0;    0;15.9400;0.0000;    0;    0
2016-07-15 03:29:00;0.0000;211.2800;    0;    0;    0;    0;    0;    0;    0;16.0100;0.0000;    0;    0
2016-07-15 03:30:00;0.0000;211.2800;    0;    0;    0;    0;    0;    0;    0;16.0100;0.0000;    0;    0
2016-07-15 03:31:00;0.0000;211.2800;    0;    0;    0;    0;    0;    0;    0;16.1800;0.0000;    0;    0
2016-07-15 03:32:00;0.0000;211.2800;    0;    0;    0;    0;    0;    0;    0;16.3400;0.0000;    0;    0
2016-07-15 03:33:00;0.0000;211.2800;    0;    0;    0;    0;    0;    0;    0;16.3400;0.0000;    0;    0
2016-07-15 03:34:00;0.0000;211.2800;    0;    0;    0;    0;    0;    0;    0;16.2600;0.0000;    0;    0
2016-07-15 03:35:00;0.0000;211.2800;    0;    0;    0;    0;    0;    0;    0;16.1800;0.0000;    0;    0
2016-07-15 03:36:00;0.0000;211.2800;    0;    0;    0;    0;    0;    0;    0;16.1800;0.0000;    0;    0
2016-07-15 03:37:00;0.0000;211.2800;    0;    0;    0;    0;    0;    0;    0;16.1000;0.0000;    0;    0
2016-07-15 03:38:00;0.0000;211.2800;    0;    0;    0;    0;    0;    0;    0;16.1000;0.0000;    0;    0
2016-07-15 03:39:00;0.0000;211.2800;    0;    0;    0;    0;    0;    0;    0;15.9400;0.0000;    0;    0
2016-07-15 03:40:00;0.0000;211.2800;    0;    0;    0;    0;    0;    0;    0;15.7800;0.0000;    0;    0
2016-07-15 03:41:00;0.0000;211.2800;    0;    0;    0;    0;    0;    0;    0;15.7000;0.0000;    0;    0
2016-07-15 03:42:00;0.0000;211.2800;    0;    0;    0;    0;    0;    0;    0;15.7000;0.0000;    0;    0
2016-07-15 03:43:00;0.0000;211.2800;    0;    0;    0;    0;    0;    0;    0;15.7000;0.0000;    0;    0
2016-07-15 03:44:00;0.0000;211.2800;    0;    0;    0;    0;    0;    0;    0;15.6200;0.0000;    0;    0
2016-07-15 03:45:00;0.0000;211.2800;    0;    0;    0;    0;    0;    0;    0;15.6200;0.0000;    0;    0
2016-07-15 03:46:00;0.0000;211.2800;    0;    0;    0;    0;    0;    0;    0;15.5400;0.0000;    0;    0
2016-07-15 03:47:00;0.0000;211.2800;    0;    0;    0;    0;    0;    0;    0;15.5400;0.0000;    0;    0
2016-07-15 03:48:00;0.0000;211.2800;    0;    0;    0;    0;    0;    0;    0;15.6200;0.0000;    0;    0
2016-07-15 03:49:00;0.0000;211.2800;    0;    0;    0;    0;    0;    0;    0;15.6200;0.0000;    0;    0
2016-07-15 03:50:00;0.0000;211.2800;    0;    0;    0;    0;    0;    0;    0;15.7000;0.0000;    0;    0
2016-07-15 03:51:00;0.0000;211.2800;    0;    0;    0;    0;    0;    0;    0;15.7000;0.0000;    0;    0
2016-07-15 03:52:00;0.0000;211.2800;    0;    0;    0;    0;    0;    0;    0;15.7000;0.0000;    0;    0
2016-07-15 03:53:00;0.0000;211.2800;    0;    0;    0;    0;    0;    0;    0;15.7000;0.0000;    0;    0
2016-07-15 03:54:00;0.0000;211.2800;    0;    0;    0;    0;    0;    0;    0;15.7800;0.0000;    0;    0
2016-07-15 03:55:00;0.0000;211.2800;    0;    0;    0;    0;    0;    0;    0;15.7800;0.0000;    0;    0
2016-07-15 03:56:00;0.0000;211.2800;    0;    0;    0;    0;    0;    0;    0;15.7800;0.0000;    0;    0
2016-07-15 03:57:00;0.0000;211.2800;    0;    0;    0;    0;    0;    0;    0;15.8600;0.0000;    0;    0
2016-07-15 03:58:00;0.0000;211.2800;    0;    0;    0;    0;    0;    0;    0;15.8600;0.0000;    0;    0
2016-07-15 03:59:00;0.0000;211.2800;    0;    0;    0;    0;    0;    0;    0;15.8600;0.0000;    0;    0
2016-07-15 04:00:00;0.0000;211.2800;    0;    0;    0;    0;    0;    0;    0;16.0100;0.0000;    0;    0
2016-07-15 04:01:00;0.0000;211.2800;    0;    0;    0;    0;    0;    0;    0;16.1000;0.0000;    0;    0
2016-07-15 04:02:00;0.0000;211.2800;    0;    0;    0;    0;    0;    0;    0;16.1000;0.0000;    0;    0
2016-07-15 04:03:00;0.0000;211.2800;    0;    0;    0;    0;    0;    0;    0;16.1000;0.0000;    0;    0
2016-07-15 04:04:00;0.0000;211.2800;    0;    0;    0;    0;    0;    0;    0;16.1000;0.0000;    0;    0
2016-07-15 04:05:00;0.0000;211.2800;    0;    0;    0;    0;    0;    0;    0;16.1000;0.0000;    0;    0
2016-07-15 04:06:00;0.0000;211.2800;    0;    0;    0;    0;    0;    0;    0;16.1000;0.0000;    0;    0
2016-07-15 04:07:00;0.0000;211.2800;    0;    0;    0;    0;    0;    0;    0;16.0100;0.0000;    0;    0
2016-07-15 04:08:00;0.0000;211.2800;    0;    0;    0;    0;    0;    0;    0;16.0100;0.0000;    0;    0
2016-07-15 04:09:00;0.0000;211.2800;    0;    0;    0;    0;    0;    0;    0;16.0100;0.0000;    0;    0
2016-07-15 04:10:00;0.0000;211.2800;    0;    0;    0;    0;    0;    0;    0;16.0100;0.0000;    0;    0
2016-07-15 04:11:00;0.0000;211.2800;    0;    0;    0;    0;    0;    0;    0;16.0100;0.0000;    0;    0
2016-07-15 04:12:00;0.0000;211.2800;    0;    0;    0;    0;    0;    0;    0;15.9400;0.0000;    0;    0
2016-07-15 04:13:00;0.0000;211.2800;    0;    0;    0;    0;    0;    0;    0;16.0100;0.0000;    0;    0
2016-07-15 04:14:00;0.0000;211.2800;    0;    0;    0;    0;    0;    0;    0;15.9400;0.0000;    0;    0
2016-07-15 04:15:00;0.0000;211.2800;    0;    0;    0;    0;    0;    0;    0;15.9400;0.0000;    0;    0
2016-07-15 04:16:00;0.0000;211.2800;    0;    0;    0;    0;    0;    0;    0;15.9400;0.0000;    0;    0
2016-07-15 04:17:00;0.0000;211.2800;    0;    0;    0;    0;    0;    0;    0;15.9400;0.0000;    0;    0
2016-07-15 04:18:00;0.0000;211.2800;    0;    0;    0;    0;    0;    0;    0;15.9400;0.0000;    0;    0
2016-07-15 04:19:00;0.0000;211.2800;    0;    0;    0;    0;    0;    0;    0;15.9400;0.0000;    0;    0
2016-07-15 04:20:00;0.0000;211.2800;    0;    0;    0;    0;    0;    0;    0;15.8600;0.0000;    0;    0
2016-07-15 04:21:00;0.0000;211.2800;    0;    0;    0;    0;    0;    0;    0;15.7800;0.0000;    0;    0
2016-07-15 04:22:00;0.0000;211.2800;    0;    0;    0;    0;    0;    0;    0;15.7800;0.0000;    0;    0
2016-07-15 04:23:00;0.0000;211.2800;    0;    0;    0;    0;    0;    0;    0;15.8600;0.0000;    0;    0
2016-07-15 04:24:00;0.0000;211.2800;    0;    0;    0;    0;    0;    0;    0;15.8600;0.0000;    0;    0
2016-07-15 04:25:00;0.0000;211.2800;    0;    0;    0;    0;    0;    0;    0;15.8600;0.0000;    0;    0
2016-07-15 04:26:00;0.0000;211.2800;    0;    0;    0;    0;    0;    0;    0;15.8600;0.0000;    0;    0
2016-07-15 04:27:00;0.0000;211.2800;    0;    0;    0;    0;    0;    0;    0;15.8600;0.0000;    0;    0
2016-07-15 04:28:00;0.0000;211.2800;    0;    0;    0;    0;    0;    0;    0;15.7800;0.0000;    0;    0
2016-07-15 04:29:00;0.0000;211.2800;    0;    0;    0;    0;    0;    0;    0;15.8600;0.0000;    0;    0
2016-07-15 04:30:00;0.0000;211.2800;    0;    0;    0;    0;    0;    0;    0;15.7800;0.0000;    0;    0
2016-07-15 04:31:00;0.0000;211.2800;    0;    0;    0;    0;    0;    0;    0;15.7800;0.0000;    0;    0
2016-07-15 04:32:00;0.0000;211.2800;    0;    0;    0;    0;    0;    0;    0;15.7800;0.0000;    0;    0
2016-07-15 04:33:00;0.0000;211.2800;    0;    0;    0;    0;    0;    0;    0;15.8600;0.0000;    0;    0
2016-07-15 04:34:00;0.0000;211.2800;    0;    0;    0;    0;    0;    0;    0;15.8600;0.0000;    0;    0
2016-07-15 04:35:00;0.0000;211.2800;    0;    0;    0;    0;    0;    0;    0;15.8600;0.0000;    0;    0
2016-07-15 04:36:00;0.0000;211.2800;    0;    0;    0;    0;    0;    0;    0;15.8600;0.0000;    0;    0
2016-07-15 04:37:00;0.0000;211.2800;    0;    0;    0;    0;    0;    0;    0;15.8600;0.0000;    0;    0
2016-07-15 04:38:00;0.0000;211.2800;    0;    0;    0;    0;    0;    0;    0;15.9400;0.0000;    0;    0
2016-07-15 04:39:00;0.0000;211.2800;    0;    0;    0;    0;    0;    0;    0;16.0100;0.0000;    0;    0
2016-07-15 04:40:00;0.0000;211.2800;    0;    0;    0;    0;    0;    0;    0;15.9400;0.0000;    0;    0
2016-07-15 04:41:00;0.0000;211.2800;    0;    0;    0;    0;    0;    0;    0;15.9400;0.0000;    0;    0
2016-07-15 04:42:00;0.0000;211.2800;    0;    0;    0;    0;    0;    0;    0;16.0100;0.0000;    0;    0
2016-07-15 04:43:00;0.0000;211.2800;    0;    0;    0;    0;    0;    0;    0;16.0100;0.0000;    0;    0
2016-07-15 04:44:00;0.0000;211.2800;    0;    0;    0;    0;    0;    0;    0;16.0100;0.0000;    0;    0
2016-07-15 04:45:00;0.0000;211.2800;    0;    0;    0;    0;    0;    0;    0;16.1000;0.0000;    0;    0
2016-07-15 04:46:00;0.0000;211.2800;    0;    0;    0;    0;    0;    0;    0;16.0100;0.0000;    0;    0
2016-07-15 04:47:00;0.0000;211.2800;    0;    0;    0;    0;    0;    0;    0;15.9400;0.0000;    0;    0
2016-07-15 04:48:00;0.0000;211.2800;    0;    0;    0;    0;    0;    0;    0;15.9400;0.0000;    0;    0
2016-07-15 04:49:00;0.0000;211.2800;    0;    0;    0;    0;    0;    0;    0;15.8600;0.0000;    0;    0
2016-07-15 04:50:00;0.0000;211.2800;    0;    0;    0;    0;    0;    0;    0;15.7800;0.0000;    0;    0
2016-07-15 04:51:00;0.0000;211.2800;    0;    0;    0;    0;    0;    0;    0;15.7800;0.0000;    0;    0
2016-07-15 04:52:00;0.0000;211.2800;    0;    0;    0;    0;    0;    0;    0;15.8600;0.0000;    0;    0
2016-07-15 04:53:00;0.0000;211.2800;    0;    0;    0;    0;    0;    0;    0;15.8600;0.0000;    0;    0
2016-07-15 04:54:00;0.0000;211.2800;    0;    0;    0;    0;    0;    0;    0;15.9400;0.0000;    0;    0
2016-07-15 04:55:00;0.0000;211.2800;    0;    0;    0;    0;    0;    0;    0;15.9400;0.0000;    0;    0
2016-07-15 04:56:00;0.0000;211.2800;    0;    0;    0;    0;    0;    0;    0;15.9400;0.0000;    0;    0
2016-07-15 04:57:00;0.0000;211.2800;    0;    0;    0;    0;    0;    0;    0;15.9400;0.0000;    0;    0
2016-07-15 04:58:00;0.0000;211.2800;    0;    0;    0;    0;    0;    0;    0;15.9400;0.0000;    0;    0
2016-07-15 04:59:00;0.0000;211.2800;    0;    0;    0;    0;    0;    0;    0;15.9400;0.0000;    0;    0
2016-07-15 05:00:00;0.0000;211.2800;    0;    0;    0;    0;    0;    0;    0;15.9400;0.0000;    0;    0
2016-07-15 05:01:00;0.0000;211.2800;    0;    0;    0;    0;    0;    0;    0;15.9400;0.0000;    0;    0
2016-07-15 05:02:00;0.0000;211.2800;    0;    0;    0;    0;    0;    0;    0;15.9400;0.0000;    0;    0
2016-07-15 05:03:00;0.0000;211.2800;    0;    0;    0;    0;    0;    0;    0;15.9400;0.0000;    0;    0
2016-07-15 05:04:00;0.0000;211.2800;    0;    0;    0;    0;    0;    0;    0;15.9400;0.0000;    0;    0
2016-07-15 05:05:00;0.0000;211.2800;    0;    0;    0;    0;    0;    0;    0;15.9400;0.0000;    0;    0
2016-07-15 05:06:00;0.0000;211.2800;    0;    0;    0;    0;    0;    0;    0;15.9400;0.0000;    0;    0
2016-07-15 05:07:00;0.0000;211.2800;    0;    0;    0;    0;    0;    0;    0;16.0100;0.0000;    0;    0
2016-07-15 05:08:00;0.0000;211.2800;    0;    0;    0;    0;    0;    0;    0;15.9400;0.0000;    0;    0
2016-07-15 05:09:00;0.0000;211.2800;    0;    0;    0;    0;    0;    0;    0;16.0100;0.0000;    0;    0
2016-07-15 05:10:00;0.0000;211.2800;    0;    0;    0;    0;    0;    0;    0;16.0100;0.0000;    0;    0
2016-07-15 05:11:00;0.0000;211.2800;    0;    0;    0;    0;    0;    0;    0;16.0100;0.0000;    0;    0
2016-07-15 05:12:00;0.0000;211.2800;    0;    0;    0;    0;    0;    0;    0;15.9400;0.0000;    0;    0
2016-07-15 05:13:00;0.0000;211.2800;    0;    0;    0;    0;    0;    0;    0;15.9400;0.0000;    0;    0
2016-07-15 05:14:00;0.0000;211.2800;    0;    0;    0;    0;    0;    0;    0;16.0100;0.0000;    0;    0
2016-07-15 05:15:00;0.0000;211.2800;    0;    0;    0;    0;    0;    0;    0;16.0100;0.0000;    0;    0
2016-07-15 05:16:00;0.0000;211.2800;    0;    0;    0;    0;    0;    0;    0;16.0100;0.0000;    0;    0
2016-07-15 05:17:00;0.0000;211.2800;    0;    0;    0;    0;    0;    0;    0;16.0100;0.0000;    0;    0
2016-07-15 05:18:00;0.0000;211.2800;    0;    0;    0;    0;    0;    0;    0;16.0100;0.0000;    0;    0
2016-07-15 05:19:00;0.0000;211.2800;    0;    0;    0;    0;    0;    0;    0;16.0100;0.0000;    0;    0
2016-07-15 05:20:00;0.0000;211.2800;    0;    0;    0;    0;    0;    0;    0;16.0100;0.0000;    0;    0
2016-07-15 05:21:00;0.0000;211.2800;    0;    0;    0;    0;    0;    0;    0;16.0100;0.0000;    0;    0
2016-07-15 05:22:00;0.0000;211.2800;    0;    0;    0;    0;    0;    0;    0;16.0100;0.0000;    0;    0
2016-07-15 05:23:00;0.0000;211.2800;    0;    0;    0;    0;    0;    0;    0;16.0100;0.0000;    0;    0
2016-07-15 05:24:00;0.0000;211.2800;    0;    0;    0;    0;    0;    0;    0;16.1000;0.0000;    0;    0
2016-07-15 05:25:00;0.0000;211.2800;    0;    0;    0;    0;    0;    0;    0;16.0100;0.0000;    0;    0
2016-07-15 05:26:00;0.0000;211.2800;    0;    0;    0;    0;    0;    0;    0;15.9400;0.0000;    0;    0
2016-07-15 05:27:00;0.0000;211.2800;    0;    0;    0;    0;    0;    0;    0;15.9400;0.0000;    0;    0
2016-07-15 05:28:00;0.0000;211.2800;    0;    0;    0;    0;    0;    0;    0;15.9400;0.0000;    0;    0
2016-07-15 05:29:00;0.0000;211.2800;    0;    0;    0;    0;    0;    0;    0;15.9400;0.0000;    0;    0
2016-07-15 05:30:00;0.0000;211.2800;    0;    0;    0;    0;    0;    0;    0;15.9400;0.0000;    0;    0
2016-07-15 05:31:00;0.0000;211.2800;    0;    0;    0;    0;    0;    0;    0;15.9400;0.0000;    0;    0
2016-07-15 05:32:00;0.0000;211.2800;    0;    0;    0;    0;    0;    0;    0;16.0100;0.0000;    0;    0
2016-07-15 05:33:00;0.0000;211.2800;    0;    0;    0;    0;    0;    0;    0;16.0100;0.0000;    0;    0
2016-07-15 05:34:00;0.0000;211.2800;    0;    0;    0;    0;    0;    0;    0;16.0100;0.0000;    0;    0
2016-07-15 05:35:00;0.0000;211.2800;    0;    0;    0;    0;    0;    0;    0;16.1000;0.0000;    0;    0
2016-07-15 05:36:00;0.0000;211.2800;    0;    0;    0;    0;    0;    0;    0;16.1000;0.0000;    0;    0
2016-07-15 05:37:00;0.0000;211.2800;    0;    0;    0;    0;    0;    0;    0;16.1800;0.0000;    0;    0
2016-07-15 05:38:00;0.0000;211.2800;    0;    0;    0;    0;    0;    0;    0;16.1800;0.0000;    0;    0
2016-07-15 05:39:00;0.0000;211.2800;    0;    0;    0;    0;    0;    0;    0;16.2600;0.0000;    0;    0
2016-07-15 05:40:00;0.0000;211.2800;    0;    0;    0;    0;    0;    0;    0;16.2600;0.0000;    0;    0
2016-07-15 05:41:00;0.0000;211.2800;    0;    0;    0;    0;    0;    0;    0;16.3400;0.0000;    0;    0
2016-07-15 05:42:00;0.0000;211.2800;    0;    0;    0;    0;    0;    0;    0;16.3400;0.0000;    0;    0
2016-07-15 05:43:00;0.0000;211.2800;    0;    0;    0;    0;    0;    0;    0;16.3400;0.0000;    0;    0
2016-07-15 05:44:00;0.0000;211.2800;    0;    0;    0;    0;    0;    0;    0;16.2600;0.0000;    0;    0
2016-07-15 05:45:00;0.0000;211.2800;    0;    0;    0;    0;    0;    0;    0;16.1800;0.0000;    0;    0
2016-07-15 05:46:00;0.0000;211.2800;    0;    0;    0;    0;    0;    0;    0;16.1000;0.0000;    0;    1
2016-07-15 05:47:00;0.0000;211.2800;    0;    0;    0;    0;    0;    0;    0;16.1000;0.0000;    0;    0
2016-07-15 05:48:00;0.0000;211.2800;    0;    0;    0;    0;    0;    0;    0;16.1800;0.0000;    0;    0
2016-07-15 05:49:00;0.0000;211.2800;    0;    0;    0;    0;    0;    0;    0;16.1000;0.0000;    0;    1
2016-07-15 05:50:00;0.0000;211.2800;    0;    0;    0;    0;    0;    0;    0;16.1000;0.0000;    0;    0
2016-07-15 05:51:00;0.0000;211.2800;    0;    0;    0;    0;    0;    0;    0;16.1800;0.0000;    0;    0
2016-07-15 05:52:00;0.0000;211.2800;    0;    0;    0;    0;    0;    0;    0;16.1800;0.0000;    0;    0
2016-07-15 05:53:00;0.0000;211.2800;    0;    0;    0;    0;    0;    0;    0;16.1800;0.0000;    0;    0
2016-07-15 05:54:00;0.0000;211.2800;    0;    0;    0;    0;    0;    0;    0;16.1800;0.0000;    0;    0
2016-07-15 05:55:00;0.0000;211.2800;    0;    0;    0;    0;    0;    0;    0;16.2600;0.0000;    0;    0
2016-07-15 05:56:00;0.0000;211.2800;    0;    0;    0;    0;    0;    0;    0;16.2600;0.0000;    0;    0
2016-07-15 05:57:00;0.0000;211.2800;    0;    0;    0;    0;    0;    0;    0;16.2600;0.0000;    0;    0
2016-07-15 05:58:00;0.0000;211.2800;    0;    0;    0;    0;    0;    0;    0;16.2600;0.0000;    0;    0
2016-07-15 05:59:00;0.0000;211.2800;    0;    0;    0;    0;    0;    0;    0;16.2600;0.0000;    0;    0
2016-07-15 06:00:00;0.0000;211.2800;    0;    0;    0;    0;    0;    0;    0;16.2600;0.0000;    0;    0
2016-07-15 06:01:00;0.0000;211.2800;    0;    0;    0;    0;    0;    0;    0;16.1800;0.0000;    0;    0
2016-07-15 06:02:00;0.0000;211.2800;    0;    0;    0;    0;    0;    0;    0;16.2600;0.0000;    0;    0
2016-07-15 06:03:00;0.0000;211.2800;    0;    0;    0;    0;    0;    0;    0;16.1800;0.0000;    0;    0
2016-07-15 06:04:00;0.0000;211.2800;    0;    0;    0;    0;    0;    0;    0;16.1800;0.0000;    0;    0
2016-07-15 06:05:00;0.0000;211.2800;    0;    0;    0;    0;    0;    0;    0;16.1800;0.0000;    0;    1
2016-07-15 06:06:00;0.0000;211.2800;    0;    0;    0;    0;    0;    0;    0;16.1800;0.0000;    0;    0
2016-07-15 06:07:00;0.0000;211.2800;    0;    0;    0;    0;    0;    0;    0;16.1800;0.0000;    0;    0
2016-07-15 06:08:00;0.0000;211.2800;    0;    0;    0;    0;    0;    0;    0;16.1000;0.0000;    0;    0
2016-07-15 06:09:00;0.0000;211.2800;    0;    0;    0;    0;    0;    0;    0;16.1800;0.0000;    0;    0
2016-07-15 06:10:00;0.0000;211.2800;    0;    0;    0;    0;    0;    0;    0;16.1000;0.0000;    0;    0
2016-07-15 06:11:00;0.0000;211.2800;    0;    0;    0;    0;    0;    0;    0;16.1000;0.0000;    0;    0
2016-07-15 06:12:00;0.0000;211.2800;    0;    0;    0;    0;    0;    0;    0;16.1000;0.0000;    0;    0
2016-07-15 06:13:00;0.0000;211.2800;    0;    0;    0;    0;    0;    0;    0;16.1000;0.0000;    0;    0
2016-07-15 06:14:00;0.0000;211.2800;    0;    0;    0;    0;    0;    0;    0;16.1800;0.0000;    0;    0
2016-07-15 06:15:00;0.0000;211.2800;    0;    0;    0;    0;    0;    0;    0;16.1800;0.0000;    0;    0
2016-07-15 06:16:00;0.0000;211.2800;    0;    0;    0;    0;    0;    0;    0;16.1800;0.0000;    0;    0
2016-07-15 06:17:00;0.0000;211.2800;    0;    0;    0;    0;    0;    0;    0;16.1800;0.0000;    0;    0
2016-07-15 06:18:00;0.0000;211.2800;    0;    0;    0;    0;    0;    0;    0;16.1800;0.0000;    0;    0
2016-07-15 06:19:00;0.0000;211.2800;    0;    0;    0;    0;    0;    0;    0;16.1800;0.0000;    0;    0
2016-07-15 06:20:00;0.0000;211.2800;    0;    0;    0;    0;    0;    0;    0;16.1000;0.0000;    0;    0
2016-07-15 06:21:00;0.0000;211.2800;    0;    0;    0;    0;    0;    0;    0;16.1800;0.0000;    0;    0
2016-07-15 06:22:00;0.0000;211.2800;    0;    0;    0;    0;    0;    0;    0;16.1800;0.0000;    0;    0
2016-07-15 06:23:00;0.0000;211.2800;    0;    0;    0;    0;    0;    0;    0;16.1000;0.0000;    0;    0
2016-07-15 06:24:00;0.0000;211.2800;    0;    0;    0;    0;    0;    0;    0;16.1800;0.0000;    0;    0
2016-07-15 06:25:00;0.0000;211.2800;    0;    0;    0;    0;    0;    0;    0;16.1800;0.0000;    0;    0
2016-07-15 06:26:00;0.0000;211.2800;    0;    0;    0;    0;    0;    0;    0;16.1800;0.0000;    0;    0
2016-07-15 06:27:00;0.0000;211.2800;    0;    0;    0;    0;    0;    0;    0;16.1800;0.0000;    0;    0
2016-07-15 06:28:00;0.0000;211.2800;    0;    0;    0;    0;    0;    0;    0;16.2600;0.0000;    0;    0
2016-07-15 06:29:00;0.0000;211.2800;    0;    0;    0;    0;    0;    0;    0;16.1800;0.0000;    0;    0
2016-07-15 06:30:00;0.0000;211.2800;    0;    0;    0;    0;    0;    0;    0;16.2600;0.0000;    0;    0
2016-07-15 06:31:00;0.0000;211.2800;    0;    0;    0;    0;    0;    0;    0;16.1800;0.0000;    0;    0
2016-07-15 06:32:00;0.0000;211.2800;    0;    0;    0;    0;    0;    0;    0;16.1800;0.0000;    0;    0
2016-07-15 06:33:00;0.0000;211.2800;    0;    0;    0;    0;    0;    0;    0;16.1800;0.0000;    0;    0
2016-07-15 06:34:00;0.0000;211.2800;    0;    0;    0;    0;    0;    0;    0;16.2600;0.0000;    0;    0
2016-07-15 06:35:00;0.0000;211.2800;    0;    0;    0;    0;    0;    0;    0;16.2600;0.0000;    0;    0
2016-07-15 06:36:00;0.0000;211.2800;    0;    0;    0;    0;    0;    0;    0;16.2600;0.0000;    0;    0
2016-07-15 06:37:00;0.0000;211.2800;    0;    0;    0;    0;    0;    0;    0;16.2600;0.0000;    0;    0
2016-07-15 06:38:00;0.0000;211.2800;    0;    0;    0;    0;    0;    0;    0;16.2600;0.0000;    0;    0
2016-07-15 06:39:00;0.0000;211.2800;    0;    0;    0;    0;    0;    0;    0;16.2600;0.0000;    0;    0
2016-07-15 06:40:00;0.0000;211.2800;    0;    0;    0;    0;    0;    0;    0;16.2600;0.0000;    0;    0
2016-07-15 06:41:00;0.0000;211.2800;    0;    0;    0;    0;    0;    0;    0;16.3400;0.0000;    0;    0
2016-07-15 06:42:00;0.0000;211.2800;    0;    0;    0;    0;    0;    0;    0;16.3400;0.0000;    0;    0
2016-07-15 06:43:00;0.0000;211.2800;    0;    0;    0;    0;    0;    0;    0;16.4200;0.0000;    0;    0
2016-07-15 06:44:00;0.0000;211.2800;    0;    0;    0;    0;    0;    0;    0;16.4200;0.0000;    0;    0
2016-07-15 06:45:00;0.0000;211.2800;    0;    0;    0;    0;    0;    0;    0;16.4200;0.0000;    0;    0
2016-07-15 06:46:00;0.0000;211.2800;    0;    0;    0;    0;    0;    0;    0;16.4200;0.0000;    0;    0
2016-07-15 06:47:00;0.0000;211.2800;    0;    0;    0;    0;    0;    0;    0;16.4200;0.0000;    0;    0
2016-07-15 06:48:00;0.0000;211.2800;    0;    0;    0;    0;    0;    0;    0;16.5100;0.0000;    0;    0
2016-07-15 06:49:00;0.0000;211.2800;    0;    0;    0;    0;    0;    0;    0;16.4200;0.0000;    0;    0
2016-07-15 06:50:00;0.0000;211.2800;    0;    0;    0;    0;    0;    0;    0;16.4200;0.0000;    0;    0
2016-07-15 06:51:00;0.0000;211.2800;    0;    0;    0;    0;    0;    0;    0;16.4200;0.0000;    0;    0
2016-07-15 06:52:00;0.0000;211.2800;    0;    0;    0;    0;    0;    0;    0;16.5100;0.0000;    0;    0
2016-07-15 06:53:00;0.0000;211.2800;    0;    0;    0;    0;    0;    0;    0;16.5100;0.0000;    0;    0
2016-07-15 06:54:00;0.0000;211.2800;    0;    0;    0;    0;    0;    0;    0;16.5900;0.0000;    0;    0
2016-07-15 06:55:00;0.0000;211.2800;    0;    0;    0;    0;    0;    0;    0;16.5900;0.0000;    0;    0
2016-07-15 06:56:00;0.0000;211.2800;    0;    0;    0;    0;    0;    0;    0;16.5100;0.0000;    0;    0
2016-07-15 06:57:00;0.0000;211.2800;    0;    0;    0;    0;    0;    0;    0;16.6700;0.0000;    0;    0
2016-07-15 06:58:00;0.0000;211.2800;    0;    0;    0;    0;    0;    0;    0;16.6700;0.0000;    0;    0
2016-07-15 06:59:00;0.0000;211.2800;    0;    0;    0;    0;    0;    0;    0;16.6700;0.0000;    0;    0
2016-07-15 07:00:00;0.0000;211.2800;    0;    0;    0;    0;    0;    0;    0;16.6700;0.0000;    0;    0
2016-07-15 07:01:00;0.0000;211.2800;    0;    0;    0;    0;    0;    0;    0;16.7500;0.0000;    0;    0
2016-07-15 07:02:00;0.0000;211.2800;    0;    0;    0;    0;    0;    0;    0;16.6700;0.0000;    0;    0
2016-07-15 07:03:00;0.0000;211.2800;    0;    0;    0;    0;    0;    0;    0;16.6700;0.0000;    0;    0
2016-07-15 07:04:00;0.0000;211.2800;    0;    0;    0;    0;    0;    0;    0;16.7500;0.0000;    0;    0
2016-07-15 07:05:00;0.0000;211.2800;    0;    0;    0;    0;    0;    0;    0;16.6700;0.0000;    0;    0
2016-07-15 07:06:00;0.0000;211.2800;    0;    0;    0;    0;    0;    0;    0;16.7500;0.0000;    0;    0
2016-07-15 07:07:00;0.0000;211.2800;    0;    0;    0;    0;    0;    0;    0;16.7500;0.0000;    0;    0
2016-07-15 07:08:00;0.0000;211.2800;    0;    0;    0;    0;    0;    0;    0;16.8300;0.0000;    0;    0
2016-07-15 07:09:00;0.0000;211.2800;    0;    0;    0;    0;    0;    0;    0;16.8300;0.0000;    0;    0
2016-07-15 07:10:00;0.0000;211.2800;    0;    0;    0;    0;    0;    0;    0;16.9100;0.0000;    0;    0
2016-07-15 07:11:00;0.0000;211.2800;    0;    0;    0;    0;    0;    0;    0;16.9100;0.0000;    0;    0
2016-07-15 07:12:00;0.0000;211.2800;    0;    0;    0;    0;    0;    0;    0;16.9900;0.0000;    0;    0
2016-07-15 07:13:00;0.0000;211.2800;    0;    0;    0;    0;    0;    0;    0;16.9900;0.0000;    0;    0
2016-07-15 07:14:00;0.0000;211.2800;    0;    0;    0;    0;    0;    0;    0;17.0700;0.0000;    0;    0
2016-07-15 07:15:00;0.0000;211.2800;    0;    0;    0;    0;    0;    0;    0;17.1500;0.0000;    0;    0
2016-07-15 07:16:00;0.0000;211.2800;    0;    0;    0;    0;    0;    0;    0;17.1500;0.0000;    0;    0
2016-07-15 07:17:00;0.0000;211.2800;    0;    0;    0;    0;    0;    0;    0;17.1500;0.0000;    0;    1
2016-07-15 07:18:00;0.0000;211.2800;    0;    0;    0;    0;    0;    0;    0;17.2400;0.0000;    0;    0
2016-07-15 07:19:00;0.0000;211.2800;    0;    0;    0;    0;    0;    0;    0;17.4000;0.0000;    0;    0
2016-07-15 07:20:00;0.0000;211.2800;    0;    0;    0;    0;    0;    0;    0;17.4800;0.0000;    0;    0
2016-07-15 07:21:00;0.0000;211.2800;    0;    0;    0;    0;    0;    0;    0;17.2400;0.0000;    0;    0
2016-07-15 07:22:00;0.0000;211.2800;    0;    0;    0;    0;    0;    0;    0;17.3200;0.0000;    0;    1
2016-07-15 07:23:00;0.0000;211.2800;    0;    0;    0;    0;    0;    0;    0;17.4000;0.0000;    0;    0
2016-07-15 07:24:00;0.0000;211.2800;    0;    0;    0;    0;    0;    0;    0;17.4000;0.0000;    0;    0
2016-07-15 07:25:00;0.0000;211.2800;    0;    0;    0;    0;    0;    0;    0;17.4000;0.0000;    0;    0
2016-07-15 07:26:00;0.0000;211.2800;    0;    0;    0;    0;    0;    0;    0;17.4000;0.0000;    0;    0
2016-07-15 07:27:00;0.0000;211.2800;    0;    0;    0;    0;    0;    0;    0;17.4000;0.0000;    0;    0
2016-07-15 07:28:00;0.0000;211.2800;    0;    0;    0;    0;    0;    0;    0;17.4000;0.0000;    0;    0
2016-07-15 07:29:00;0.0000;211.2800;    0;    0;    0;    0;    0;    0;    0;17.4800;0.0000;    0;    0
2016-07-15 07:30:00;0.0000;211.2800;    0;    0;    0;    0;    0;    0;    0;17.5700;0.0000;    0;    1
2016-07-15 07:31:00;0.0000;211.2800;    0;    0;    0;    0;    0;    0;    0;17.5700;0.0000;    0;    0
2016-07-15 07:32:00;0.0000;211.2800;    0;    0;    0;    0;    0;    0;    0;17.4800;0.0000;    0;    0
2016-07-15 07:33:00;0.0000;211.2800;    0;    0;    0;    0;    0;    0;    0;17.7300;0.0000;    0;    0
2016-07-15 07:34:00;0.0000;211.2800;    0;    0;    0;    0;    0;    0;    0;17.7300;0.0000;    0;    0
2016-07-15 07:35:00;0.0000;211.2800;    0;    0;    0;    0;    0;    0;    0;17.4000;0.0000;    0;    0
2016-07-15 07:36:00;0.0000;211.2800;    0;    0;    0;    0;    0;    0;    0;17.4800;0.0000;    0;    0
2016-07-15 07:37:00;0.0000;211.2800;    0;    0;    0;    0;    0;    0;    0;17.4800;0.0000;    0;    0
2016-07-15 07:38:00;0.0000;211.2800;    0;    0;    0;    0;    0;    0;    0;17.4000;0.0000;    0;    0
2016-07-15 07:39:00;0.0000;211.2800;    0;    0;    0;    0;    0;    0;    0;17.2400;0.0000;    0;    0
2016-07-15 07:40:00;0.0000;211.2800;    0;    0;    0;    0;    0;    0;    0;17.3200;0.0000;    0;    0
2016-07-15 07:41:00;0.0000;211.2800;    0;    0;    0;    0;    0;    0;    0;17.4800;0.0000;    0;    0
2016-07-15 07:42:00;0.0000;211.2800;    0;    0;    0;    0;    0;    0;    0;17.5700;0.0000;    0;    7
2016-07-15 07:43:00;0.0000;211.2800;    0;    7;    0;    0;    0;    0;    0;17.4800;0.0000;    0;    6
2016-07-15 07:44:00;0.0000;211.2800;    0;    0;    0;    0;    0;    0;    0;17.5700;0.0000;    0;    5
2016-07-15 07:45:00;0.0000;211.2800;    0;    0;    0;    0;    0;    0;    0;17.4800;0.0000;    0;    4
2016-07-15 07:46:00;0.0000;211.2800;    0;    0;    0;    0;    0;    0;    0;17.4800;0.0000;    0;    3
2016-07-15 07:47:00;0.0000;211.2800;    0;    0;    0;    0;    0;    0;    0;17.5700;0.0000;    0;    2
2016-07-15 07:48:00;0.0000;211.2800;    0;    0;    0;    0;    0;    0;    0;17.4800;0.0000;    0;    1
2016-07-15 07:49:00;0.0000;211.2800;    0;    0;    0;    0;    0;    0;    0;17.4800;0.0000;    0;    0
2016-07-15 07:50:00;0.0000;211.2800;    0;    0;    0;    0;    0;    0;    0;17.7300;0.0000;    0;    0
2016-07-15 07:51:00;0.0000;211.2800;    0;    0;    0;    0;    0;    0;    0;17.7300;0.0000;    0;    0
2016-07-15 07:52:00;0.0000;211.2800;    0;    0;    0;    0;    0;    0;    0;17.6500;0.0000;    0;    0
2016-07-15 07:53:00;0.0000;211.2800;    0;    0;    0;    0;    0;    0;    0;17.6500;0.0000;    0;    0
2016-07-15 07:54:00;0.0000;211.2800;    0;    0;    0;    0;    0;    0;    0;17.7300;0.0000;    0;    0
2016-07-15 07:55:00;0.0000;211.2800;    0;    0;    0;    0;    0;    0;    0;17.8100;0.0000;    0;    1
2016-07-15 07:56:00;0.0000;211.2800;    0;    0;    0;    0;    0;    0;    0;17.6500;0.0000;    0;    0
2016-07-15 07:57:00;0.0000;211.2800;    0;    0;    0;    0;    0;    0;    0;18.0600;0.0000;    0;    0
2016-07-15 07:58:00;0.0000;211.2800;    0;    0;    0;    0;    0;    0;    0;18.1400;0.0000;    0;    0
2016-07-15 07:59:00;0.0000;211.2800;    0;    0;    0;    0;    0;    0;    0;18.3100;0.0000;    0;    0
2016-07-15 08:00:00;0.0000;211.2800;    0;    0;    0;    0;    0;    0;    0;18.5600;0.0000;    0;    0
2016-07-15 08:01:00;0.0000;211.2800;    0;    0;    0;    0;    0;    0;    0;18.5600;0.0000;    0;    1
2016-07-15 08:02:00;0.0000;211.2800;    0;    0;    0;    0;    0;    0;    0;18.5600;0.0000;    0;    0
2016-07-15 08:03:00;0.0000;211.2800;    0;    0;    0;    0;    0;    0;    0;18.6400;0.0000;    0;    0
2016-07-15 08:04:00;0.0000;211.2800;    0;    0;    0;    0;    0;    0;    0;18.9700;0.0000;    0;    0
2016-07-15 08:05:00;0.0000;211.2800;    0;    0;    0;    0;    0;    0;    0;19.0600;0.0000;    0;    0
2016-07-15 08:06:00;0.0000;211.2800;    0;    0;    0;    0;    0;    0;    0;18.7200;0.0000;    0;    0
2016-07-15 08:07:00;0.0000;211.2800;    0;    0;    0;    0;    0;    0;    0;18.5600;0.0000;    0;    0
2016-07-15 08:08:00;0.0000;211.2800;    0;    0;    0;    0;    0;    0;    0;19.0600;0.0000;    0;    0
2016-07-15 08:09:00;0.0000;211.2800;    0;    0;    0;    0;    0;    0;    0;19.0600;0.0000;    0;    0
2016-07-15 08:10:00;0.0000;211.2800;    0;    0;    0;    0;    0;    0;    0;18.6400;0.0000;    0;    0
2016-07-15 08:11:00;0.0000;211.2800;    0;    0;    0;    0;    0;    0;    0;19.0600;0.0000;    0;    0
2016-07-15 08:12:00;0.0000;211.2800;    0;    0;    0;    0;    0;    0;    0;19.2300;0.0000;    0;    0
2016-07-15 08:13:00;0.0000;211.2800;    0;    0;    0;    0;    0;    0;    0;18.8900;0.0000;    0;    0
2016-07-15 08:14:00;0.0000;211.2800;    0;    0;    0;    0;    0;    0;    0;19.1400;0.0000;    0;    0
2016-07-15 08:15:00;0.0000;211.2800;    0;    0;    0;    0;    0;    0;    0;18.8900;0.0000;    0;    0
2016-07-15 08:16:00;0.0000;211.2800;    0;    0;    0;    0;    0;    0;    0;18.8900;0.0000;    0;    0
2016-07-15 08:17:00;0.0000;211.2800;    0;    0;    0;    0;    0;    0;    0;18.8900;0.0000;    0;    0
2016-07-15 08:18:00;0.0000;211.2800;    0;    0;    0;    0;    0;    0;    0;18.8900;0.0000;    0;    0
2016-07-15 08:19:00;0.0000;211.2800;    0;    0;    0;    0;    0;    0;    0;18.7200;0.0000;    0;    0
2016-07-15 08:20:00;0.0000;211.2800;    0;    0;    0;    0;    0;    0;    0;18.7200;0.0000;    0;    0
2016-07-15 08:21:00;0.0000;211.2800;    0;    0;    0;    0;    0;    0;    0;18.7200;0.0000;    0;    0
2016-07-15 08:22:00;0.0000;211.2800;    0;    0;    0;    0;    0;    0;    0;18.8100;0.0000;    0;    0
2016-07-15 08:23:00;0.0000;211.2800;    0;    0;    0;    0;    0;    0;    0;18.9700;0.0000;    0;    0
2016-07-15 08:24:00;0.0000;211.2800;    0;    0;    0;    0;    0;    0;    0;19.0600;0.0000;    0;    0
2016-07-15 08:25:00;0.0000;211.2800;    0;    0;    0;    0;    0;    0;    0;18.8900;0.0000;    0;    0
2016-07-15 08:26:00;0.0000;211.2800;    0;    0;    0;    0;    0;    0;    0;18.7200;0.0000;    0;    0
2016-07-15 08:27:00;0.0000;211.2800;    0;    0;    0;    0;    0;    0;    0;18.8100;0.0000;    0;    0
2016-07-15 08:28:00;0.0000;211.2800;    0;    0;    0;    0;    0;    0;    0;18.8100;0.0000;    0;    0
2016-07-15 08:29:00;0.0000;211.2800;    0;    0;    0;    0;    0;    0;    0;18.3900;0.0000;    0;    0
2016-07-15 08:30:00;0.0000;211.2800;    0;    0;    0;    0;    0;    0;    0;18.6400;0.0000;    0;    0
2016-07-15 08:31:00;0.0000;211.2800;    0;    0;    0;    0;    0;    0;    0;18.7200;0.0000;    0;    0
2016-07-15 08:32:00;0.0000;211.2800;    0;    0;    0;    0;    0;    0;    0;18.3100;0.0000;    0;    0
2016-07-15 08:33:00;0.0000;211.2800;    0;    0;    0;    0;    0;    0;    0;18.4800;0.0000;    0;    0
2016-07-15 08:34:00;0.0000;211.2800;    0;    0;    0;    0;    0;    0;    0;18.4800;0.0000;    0;    0
2016-07-15 08:35:00;0.0000;211.2800;    0;    0;    0;    0;    0;    0;    0;18.4800;0.0000;    0;    0
2016-07-15 08:36:00;0.0000;211.2800;    0;    0;    0;    0;    0;    0;    0;18.2200;0.0000;    0;    0
2016-07-15 08:37:00;0.0000;211.2800;    0;    0;    0;    0;    0;    0;    0;18.3100;0.0000;    0;    0
2016-07-15 08:38:00;0.0000;211.2800;    0;    0;    0;    0;    0;    0;    0;18.3900;0.0000;    0;    0
2016-07-15 08:39:00;0.0000;211.2800;    0;    0;    0;    0;    0;    0;    0;18.3900;0.0000;    0;    0
2016-07-15 08:40:00;0.0000;211.2800;    0;    0;    0;    0;    0;    0;    0;18.4800;0.0000;    0;    0
2016-07-15 08:41:00;0.0000;211.2800;    0;    0;    0;    0;    0;    0;    0;18.4800;0.0000;    0;    0
2016-07-15 08:42:00;0.0000;211.2800;    0;    0;    0;    0;    0;    0;    0;18.3900;0.0000;    0;    0
2016-07-15 08:43:00;0.0000;211.2800;    0;    0;    0;    0;    0;    0;    0;18.3900;0.0000;    0;    0
2016-07-15 08:44:00;0.0000;211.2800;    0;    0;    0;    0;    0;    0;    0;18.4800;0.0000;    0;    0
2016-07-15 08:45:00;0.0000;211.2800;    0;    0;    0;    0;    0;    0;    0;18.4800;0.0000;    0;    0
2016-07-15 08:46:00;0.0000;211.2800;    0;    0;    0;    0;    0;    0;    0;18.3100;0.0000;    0;    0
2016-07-15 08:47:00;0.0000;211.2800;    0;    0;    0;    0;    0;    0;    0;18.4800;0.0000;    0;    0
2016-07-15 08:48:00;0.0000;211.2800;    0;    0;    0;    0;    0;    0;    0;18.3900;0.0000;    0;    0
2016-07-15 08:49:00;0.0000;211.2800;    0;    0;    0;    0;    0;    0;    0;18.3100;0.0000;    0;    0
2016-07-15 08:50:00;0.0000;211.2800;    0;    0;    0;    0;    0;    0;    0;18.4800;0.0000;    0;    0
2016-07-15 08:51:00;0.0000;211.2800;    0;    0;    0;    0;    0;    0;    0;18.4800;0.0000;    0;    0
2016-07-15 08:52:00;0.0000;211.2800;    0;    0;    0;    0;    0;    0;    0;18.5600;0.0000;    0;    0
2016-07-15 08:53:00;0.0000;211.2800;    0;    0;    0;    0;    0;    0;    0;18.4800;0.0000;    0;    0
2016-07-15 08:54:00;0.0000;211.2800;    0;    0;    0;    0;    0;    0;    0;18.7200;0.0000;    0;    0
2016-07-15 08:55:00;0.0000;211.2800;    0;    0;    0;    0;    0;    0;    0;18.8100;0.0000;    0;    0
2016-07-15 08:56:00;0.0000;211.2800;    0;    0;    0;    0;    0;    0;    0;18.8100;0.0000;    0;    0
2016-07-15 08:57:00;0.0000;211.2800;    0;    0;    0;    0;    0;    0;    0;19.1400;0.0000;    0;    0
2016-07-15 08:58:00;0.0000;211.2800;    0;    0;    0;    0;    0;    0;    0;19.2300;0.0000;    0;    0
2016-07-15 08:59:00;0.0000;211.2800;    0;    0;    0;    0;    0;    0;    0;19.3100;0.0000;    0;    0
2016-07-15 09:00:00;0.0000;211.2800;    0;    0;    0;    0;    0;    0;    0;19.1400;0.0000;    0;    0
2016-07-15 09:01:00;0.0000;211.2800;    0;    0;    0;    0;    0;    0;    0;19.4000;0.0000;    0;    0
2016-07-15 09:02:00;0.0000;211.2800;    0;    0;    0;    0;    0;    0;    0;19.2300;0.0000;    0;    0
2016-07-15 09:03:00;0.0000;211.2800;    0;    0;    0;    0;    0;    0;    0;19.4800;0.0000;    0;    0
2016-07-15 09:04:00;0.0000;211.2800;    0;    0;    0;    0;    0;    0;    0;19.3100;0.0000;    0;    0
2016-07-15 09:05:00;0.0000;211.2800;    0;    0;    0;    0;    0;    0;    0;19.1400;0.0000;    0;    0
2016-07-15 09:06:00;0.0000;211.2800;    0;    0;    0;    0;    0;    0;    0;19.2300;0.0000;    0;    0
2016-07-15 09:07:00;0.0000;211.2800;    0;    0;    0;    0;    0;    0;    0;19.4800;0.0000;    0;    0
2016-07-15 09:08:00;0.0000;211.2800;    0;    0;    0;    0;    0;    0;    0;19.7400;0.0000;    0;    0
2016-07-15 09:09:00;0.0000;211.2800;    0;    0;    0;    0;    0;    0;    0;19.4800;0.0000;    0;    0
2016-07-15 09:10:00;0.0000;211.2800;    0;    0;    0;    0;    0;    0;    0;19.6500;0.0000;    0;    0
2016-07-15 09:11:00;0.0000;211.2800;    0;    0;    0;    0;    0;    0;    0;19.6500;0.0000;    0;    0
2016-07-15 09:12:00;0.0000;211.2800;    0;    0;    0;    0;    0;    0;    0;19.6500;0.0000;    0;    0
2016-07-15 09:13:00;0.0000;211.2800;    0;    0;    0;    0;    0;    0;    0;20.1600;0.0000;    0;    0
2016-07-15 09:14:00;0.0000;211.2800;    0;    0;    0;    0;    0;    0;    0;19.8200;0.0000;    0;    0
2016-07-15 09:15:00;0.0000;211.2800;    0;    0;    0;    0;    0;    0;    0;19.9900;0.0000;    0;    0
2016-07-15 09:16:00;0.0000;211.2800;    0;    0;    0;    0;    0;    0;    0;19.9900;0.0000;    0;    2
2016-07-15 09:17:00;0.0000;211.2800;    0;    0;    0;    0;    0;    0;    0;19.9900;0.0000;    0;    1
2016-07-15 09:18:00;0.0000;211.2800;    0;    0;    0;    0;    0;    0;    0;20.0700;0.0000;    0;    0
2016-07-15 09:19:00;0.0000;211.2800;    0;    0;    0;    0;    0;    0;    0;20.0700;0.0000;    0;    0
2016-07-15 09:20:00;0.0000;211.2800;    0;    0;    0;    0;    0;    0;    0;20.2500;0.0000;    0;    0
2016-07-15 09:21:00;0.0000;211.2800;    0;    0;    0;    0;    0;    0;    0;20.5100;0.0000;    0;    0
2016-07-15 09:22:00;0.0000;211.2800;    0;    0;    0;    0;    0;    0;    0;20.5900;0.0000;    0;    0
2016-07-15 09:23:00;0.0000;211.2800;    0;    0;    0;    0;    0;    0;    0;19.8200;0.0000;    0;    0
2016-07-15 09:24:00;0.0000;211.2800;    0;    0;    0;    0;    0;    0;    0;19.9000;0.0000;    0;    0
2016-07-15 09:25:00;0.0000;211.2800;    0;    0;    0;    0;    0;    0;    0;19.9000;0.0000;    0;    0
2016-07-15 09:26:00;0.0000;211.2800;    0;    0;    0;    0;    0;    0;    0;19.8200;0.0000;    0;    0
2016-07-15 09:27:00;0.0000;211.2800;    0;    0;    0;    0;    0;    0;    0;20.0700;0.0000;    0;    0
2016-07-15 09:28:00;0.0000;211.2800;    0;    0;    0;    0;    0;    0;    0;19.7400;0.0000;    0;    0
2016-07-15 09:29:00;0.0000;211.2800;    0;    0;    0;    0;    0;    0;    0;20.1600;0.0000;    0;    0
2016-07-15 09:30:00;0.0000;211.2800;    0;    0;    0;    0;    0;    0;    0;20.2500;0.0000;    0;    0
2016-07-15 09:31:00;0.0000;211.2800;    0;    0;    0;    0;    0;    0;    0;20.6800;0.0000;    0;    0
2016-07-15 09:32:00;0.0000;211.2800;    0;    0;    0;    0;    0;    0;    0;20.5900;0.0000;    0;    0
2016-07-15 09:33:00;0.0000;211.2800;    0;    0;    0;    0;    0;    0;    0;21.2900;0.0000;    0;    0
2016-07-15 09:34:00;0.0000;211.2800;    0;    0;    0;    0;    0;    0;    0;21.1100;0.0000;    0;    0
2016-07-15 09:35:00;0.0000;211.2800;    0;    0;    0;    0;    0;    0;    0;21.2000;0.0000;    0;    0
2016-07-15 09:36:00;0.0000;211.2800;    0;    0;    0;    0;    0;    0;    0;20.9300;0.0000;    0;    0
2016-07-15 09:37:00;0.0000;211.2800;    0;    0;    0;    0;    0;    0;    0;20.9300;0.0000;    0;    0
2016-07-15 09:38:00;0.0000;211.2800;    0;    0;    0;    0;    0;    0;    0;21.7200;0.0000;    0;    0
2016-07-15 09:39:00;0.0000;211.2800;    0;    0;    0;    0;    0;    0;    0;22.8700;0.0000;    0;    0
2016-07-15 09:40:00;0.0000;211.2800;    0;    0;    0;    0;    0;    0;    0;23.0500;0.0000;    0;    0
2016-07-15 09:41:00;0.0000;211.2800;    0;    0;    0;    0;    0;    0;    0;22.7000;0.0000;    0;    0
2016-07-15 09:42:00;0.0000;211.2800;    0;    0;    0;    0;    0;    0;    0;22.2500;0.0000;    0;    0
2016-07-15 09:43:00;0.0000;211.2800;    0;    0;    0;    0;    0;    0;    0;22.0700;0.0000;    0;    0
2016-07-15 09:44:00;0.0000;211.2800;    0;    0;    0;    0;    0;    0;    0;21.8100;0.0000;    0;    0
2016-07-15 09:45:00;0.0000;211.2800;    0;    0;    0;    0;    0;    0;    0;21.6400;0.0000;    0;    0
2016-07-15 09:46:00;0.0000;211.2800;    0;    0;    0;    0;    0;    0;    0;21.7200;0.0000;    0;    0
2016-07-15 09:47:00;0.0000;211.2800;    0;    0;    0;    0;    0;    0;    0;21.5500;0.0000;    0;    0
2016-07-15 09:48:00;0.0000;211.2800;    0;    0;    0;    0;    0;    0;    0;20.7600;0.0000;    0;    0
2016-07-15 09:49:00;0.0000;211.2800;    0;    0;    0;    0;    0;    0;    0;20.8500;0.0000;    0;    0
2016-07-15 09:50:00;0.0000;211.2800;    0;    0;    0;    0;    0;    0;    0;21.1100;0.0000;    0;    0
2016-07-15 09:51:00;0.0000;211.2800;    0;    0;    0;    0;    0;    0;    0;21.3700;0.0000;    0;    0
2016-07-15 09:52:00;0.0000;211.2800;    0;    0;    0;    0;    0;    0;    0;21.5500;0.0000;    0;    0
2016-07-15 09:53:00;0.0000;211.2800;    0;    0;    0;    0;    0;    0;    0;21.6400;0.0000;    0;    0
2016-07-15 09:54:00;0.0000;211.2800;    0;    0;    0;    0;    0;    0;    0;21.6400;0.0000;    0;    0
2016-07-15 09:55:00;0.0000;211.2800;    0;    0;    0;    0;    0;    0;    0;21.9800;0.0000;    0;    0
2016-07-15 09:56:00;0.0000;211.2800;    0;    0;    0;    0;    0;    0;    0;21.4600;0.0000;    0;    0
2016-07-15 09:57:00;0.0000;211.2800;    0;    0;    0;    0;    0;    0;    0;22.1600;0.0000;    0;    0
2016-07-15 09:58:00;0.0000;211.2800;    0;    0;    0;    0;    0;    0;    0;22.0700;0.0000;    0;    0
2016-07-15 09:59:00;0.0000;211.2800;    0;    0;    0;    0;    0;    0;    0;21.6400;0.0000;    0;    0
2016-07-15 10:00:00;0.0000;211.2800;    0;    0;    0;    0;    0;    0;    0;21.9800;0.0000;    0;    0
2016-07-15 10:01:00;0.0000;211.2800;    0;    0;    0;    0;    0;    0;    0;22.1600;0.0000;    0;    0
2016-07-15 10:02:00;0.0000;211.2800;    0;    0;    0;    0;    0;    0;    0;21.9800;0.0000;    0;    0
2016-07-15 10:03:00;0.0000;211.2800;    0;    0;    0;    0;    0;    0;    0;21.7200;0.0000;    0;    0
2016-07-15 10:04:00;0.0000;211.2800;    0;    0;    0;    0;    0;    0;    0;21.9000;0.0000;    0;    1
2016-07-15 10:05:00;0.0000;211.2800;    0;    0;    0;    0;    0;    0;    0;22.1600;0.0000;    0;    0
2016-07-15 10:06:00;0.0000;211.2800;    0;    0;    0;    0;    0;    0;    0;21.7200;0.0000;    0;    0
2016-07-15 10:07:00;0.0000;211.2800;    0;    0;    0;    0;    0;    0;    0;20.7600;0.0000;    0;    0
2016-07-15 10:08:00;0.0000;211.2800;    0;    0;    0;    0;    0;    0;    0;21.6400;0.0000;    0;    0
2016-07-15 10:09:00;0.0000;211.2800;    0;    0;    0;    0;    0;    0;    0;21.8100;0.0000;    0;    0
2016-07-15 10:10:00;0.0000;211.2800;    0;    0;    0;    0;    0;    0;    0;21.9000;0.0000;    0;    0
2016-07-15 10:11:00;0.0000;211.2800;    0;    0;    0;    0;    0;    0;    0;21.2900;0.0000;    0;    0
2016-07-15 10:12:00;0.0000;211.2800;    0;    0;    0;    0;    0;    0;    0;20.8500;0.0000;    0;    0
2016-07-15 10:13:00;0.0000;211.2800;    0;    0;    0;    0;    0;    0;    0;21.1100;0.0000;    0;    0
2016-07-15 10:14:00;0.0000;211.2800;    0;    0;    0;    0;    0;    0;    0;21.3700;0.0000;    0;    0
2016-07-15 10:15:00;0.0000;211.2800;    0;    0;    0;    0;    0;    0;    0;21.1100;0.0000;    0;    0
2016-07-15 10:16:00;0.0000;211.2800;    0;    0;    0;    0;    0;    0;    0;20.8500;0.0000;    0;    0
2016-07-15 10:17:00;0.0000;211.2800;    0;    0;    0;    0;    0;    0;    0;21.3700;0.0000;    0;    0
2016-07-15 10:18:00;0.0000;211.2800;    0;    0;    0;    0;    0;    0;    0;20.9300;0.0000;    0;    0
2016-07-15 10:19:00;0.0000;211.2800;    0;    0;    0;    0;    0;    0;    0;20.9300;0.0000;    0;    0
2016-07-15 10:20:00;0.0000;211.2800;    0;    0;    0;    0;    0;    0;    0;21.2000;0.0000;    0;    0
2016-07-15 10:21:00;0.0000;211.2800;    0;    0;    0;    0;    0;    0;    0;21.3700;0.0000;    0;    0
2016-07-15 10:22:00;0.0000;211.2800;    0;    0;    0;    0;    0;    0;    0;21.2900;0.0000;    0;    0
2016-07-15 10:23:00;0.0000;211.2800;    0;    0;    0;    0;    0;    0;    0;21.2900;0.0000;    0;    0
2016-07-15 10:24:00;0.0000;211.2800;    0;    0;    0;    0;    0;    0;    0;21.4600;0.0000;    0;    0
2016-07-15 10:25:00;0.0000;211.2800;    0;    0;    0;    0;    0;    0;    0;21.4600;0.0000;    0;    0
2016-07-15 10:26:00;0.0000;211.2800;    0;    0;    0;    0;    0;    0;    0;21.6400;0.0000;    0;    0
2016-07-15 10:27:00;0.0000;211.2800;    0;    0;    0;    0;    0;    0;    0;21.1100;0.0000;    0;    0
2016-07-15 10:28:00;0.0000;211.2800;    0;    0;    0;    0;    0;    0;    0;21.3700;0.0000;    0;    0
2016-07-15 10:29:00;0.0000;211.2800;    0;    0;    0;    0;    0;    0;    0;21.2900;0.0000;    0;    0
2016-07-15 10:30:00;0.0000;211.2800;    0;    0;    0;    0;    0;    0;    0;21.2900;0.0000;    0;    0
2016-07-15 10:31:00;0.0000;211.2800;    0;    0;    0;    0;    0;    0;    0;21.6400;0.0000;    0;    1
2016-07-15 10:32:00;0.0000;211.2800;    0;    0;    0;    0;    0;    0;    0;21.2900;0.0000;    0;    0
2016-07-15 10:33:00;0.0000;211.2800;    0;    0;    0;    0;    0;    0;    0;21.3700;0.0000;    0;    0
2016-07-15 10:34:00;0.0000;211.2800;    0;    0;    0;    0;    0;    0;    0;21.6400;0.0000;    0;    0
2016-07-15 10:35:00;0.0000;211.2800;    0;    0;    0;    0;    0;    0;    0;21.3700;0.0000;    0;    0
2016-07-15 10:36:00;0.0000;211.2800;    0;    0;    0;    0;    0;    0;    0;21.2000;0.0000;    0;    0
2016-07-15 10:37:00;0.0000;211.2800;    0;    0;    0;    0;    0;    0;    0;21.2900;0.0000;    0;    0
2016-07-15 10:38:00;0.0000;211.2800;    0;    0;    0;    0;    0;    0;    0;21.2900;0.0000;    0;    0
2016-07-15 10:39:00;0.0000;211.2800;    0;    0;    0;    0;    0;    0;    0;21.3700;0.0000;    0;    1
2016-07-15 10:40:00;0.0000;211.2800;    0;    0;    0;    0;    0;    0;    0;21.5500;0.0000;    0;    0
2016-07-15 10:41:00;0.0000;211.2800;    0;    0;    0;    0;    0;    0;    0;21.4600;0.0000;    0;    1
2016-07-15 10:42:00;0.0000;211.2800;    0;    0;    0;    0;    0;    0;    0;21.6400;0.0000;    0;    0
2016-07-15 10:43:00;0.0000;211.2800;    0;    0;    0;    0;    0;    0;    0;21.4600;0.0000;    0;    0
2016-07-15 10:44:00;0.0000;211.2800;    0;    0;    0;    0;    0;    0;    0;21.4600;0.0000;    0;    0
2016-07-15 10:45:00;0.0000;211.2800;    0;    0;    0;    0;    0;    0;    0;21.2900;0.0000;    0;    0
2016-07-15 10:46:00;0.0000;211.2800;    0;    0;    0;    0;    0;    0;    0;21.4600;0.0000;    0;    0
2016-07-15 10:47:00;0.0000;211.2800;    0;    0;    0;    0;    0;    0;    0;21.3700;0.0000;    0;    0
2016-07-15 10:48:00;0.0000;211.2800;    0;    0;    0;    0;    0;    0;    0;21.2900;0.0000;    0;    0
2016-07-15 10:49:00;0.0000;211.2800;    0;    0;    0;    0;    0;    0;    0;21.2000;0.0000;    0;    0
2016-07-15 10:50:00;0.0000;211.2800;    0;    0;    0;    0;    0;    0;    0;21.2900;0.0000;    0;    0
2016-07-15 10:51:00;0.0000;211.2800;    0;    0;    0;    0;    0;    0;    0;21.6400;0.0000;    0;    0
2016-07-15 10:52:00;0.0000;211.2800;    0;    0;    0;    0;    0;    0;    0;21.2900;0.0000;    0;    0
2016-07-15 10:53:00;0.0000;211.2800;    0;    0;    0;    0;    0;    0;    0;21.2000;0.0000;    0;    0
2016-07-15 10:54:00;0.0000;211.2800;    0;    0;    0;    0;    0;    0;    0;21.2900;0.0000;    0;    1
2016-07-15 10:55:00;0.0000;211.2800;    0;    0;    0;    0;    0;    0;    0;21.8100;0.0000;    0;    0
2016-07-15 10:56:00;0.0000;211.2800;    0;    0;    0;    0;    0;    0;    0;21.8100;0.0000;    0;    0
2016-07-15 10:57:00;0.0000;211.2800;    0;    0;    0;    0;    0;    0;    0;21.4600;0.0000;    0;    0
2016-07-15 10:58:00;0.0000;211.2800;    0;    0;    0;    0;    0;    0;    0;21.8100;0.0000;    0;    0
2016-07-15 10:59:00;0.0000;211.2800;    0;    0;    0;    0;    0;    0;    0;22.1600;0.0000;    0;    0
2016-07-15 11:00:00;0.0000;211.2800;    0;    0;    0;    0;    0;    0;    0;21.7200;0.0000;    0;    0
2016-07-15 11:01:00;0.0000;211.2800;    0;    0;    0;    0;    0;    0;    0;21.8100;0.0000;    0;    0
2016-07-15 11:02:00;0.0000;211.2800;    0;    0;    0;    0;    0;    0;    0;22.0700;0.0000;    0;    0
2016-07-15 11:03:00;0.0000;211.2800;    0;    0;    0;    0;    0;    0;    0;21.4600;0.0000;    0;    0
2016-07-15 11:04:00;0.0000;211.2800;    0;    0;    0;    0;    0;    0;    0;21.3700;0.0000;    0;    0
2016-07-15 11:05:00;0.0000;211.2800;    0;    0;    0;    0;    0;    0;    0;21.8100;0.0000;    0;    0
2016-07-15 11:06:00;0.0000;211.2800;    0;    0;    0;    0;    0;    0;    0;21.9800;0.0000;    0;    0
2016-07-15 11:07:00;0.0000;211.2800;    0;    0;    0;    0;    0;    0;    0;21.9000;0.0000;    0;    0
2016-07-15 11:08:00;0.0000;211.2800;    0;    0;    0;    0;    0;    0;    0;21.3700;0.0000;    0;    0
2016-07-15 11:09:00;0.0000;211.2800;    0;    0;    0;    0;    0;    0;    0;21.9800;0.0000;    0;    0
2016-07-15 11:10:00;0.0000;211.2800;    0;    0;    0;    0;    0;    0;    0;22.6100;0.0000;    0;    0
2016-07-15 11:11:00;0.0000;211.2800;    0;    0;    0;    0;    0;    0;    0;22.2500;0.0000;    0;    0
2016-07-15 11:12:00;0.0000;211.2800;    0;    0;    0;    0;    0;    0;    0;21.7200;0.0000;    0;    0
2016-07-15 11:13:00;0.0000;211.2800;    0;    0;    0;    0;    0;    0;    0;22.5200;0.0000;    0;    0
2016-07-15 11:14:00;0.0000;211.2800;    0;    0;    0;    0;    0;    0;    0;21.8100;0.0000;    0;    0
2016-07-15 11:15:00;0.0000;211.2800;    0;    0;    0;    0;    0;    0;    0;21.9000;0.0000;    0;    0
2016-07-15 11:16:00;0.0000;211.2800;    0;    0;    0;    0;    0;    0;    0;21.4600;0.0000;    0;    0
2016-07-15 11:17:00;0.0000;211.2800;    0;    0;    0;    0;    0;    0;    0;21.7200;0.0000;    0;    0
2016-07-15 11:18:00;0.0000;211.2800;    0;    0;    0;    0;    0;    0;    0;21.8100;0.0000;    0;    0
2016-07-15 11:19:00;0.0000;211.2800;    0;    0;    0;    0;    0;    0;    0;21.7200;0.0000;    0;    0
2016-07-15 11:20:00;0.0000;211.2800;    0;    0;    0;    0;    0;    0;    0;21.8100;0.0000;    0;    0
2016-07-15 11:21:00;0.0000;211.2800;    0;    0;    0;    0;    0;    0;    0;22.0700;0.0000;    0;    0
2016-07-15 11:22:00;0.0000;211.2800;    0;    0;    0;    0;    0;    0;    0;22.2500;0.0000;    0;    0
2016-07-15 11:23:00;0.0000;211.2800;    0;    0;    0;    0;    0;    0;    0;22.3400;0.0000;    0;    0
2016-07-15 11:24:00;0.0000;211.2800;    0;    0;    0;    0;    0;    0;    0;21.9800;0.0000;    0;    0
2016-07-15 11:25:00;0.0000;211.2800;    0;    0;    0;    0;    0;    0;    0;22.1600;0.0000;    0;    0
2016-07-15 11:26:00;0.0000;211.2800;    0;    0;    0;    0;    0;    0;    0;22.1600;0.0000;    0;    0
2016-07-15 11:27:00;0.0000;211.2800;    0;    0;    0;    0;    0;    0;    0;21.8100;0.0000;    0;    0
2016-07-15 11:28:00;0.0000;211.2800;    0;    0;    0;    0;    0;    0;    0;21.7200;0.0000;    0;    0
