WARNING: TIME INFORMATION IS LOCALTIME  ;;;;;;;;;;;;;;;;;;;;;;;;;;;;;;;;;;;;;;;;;;;;;;;
;R2S-UMB ID1 precipitation diff. [mm] Act;R2S-UMB ID1 precipitation absol. [mm] Act;R2S-UMB ID1 precipitation type [] Act;R2S-UMB ID1 sum of drizzle-drops [events] Act;R2S-UMB ID1 sum of rain-drops [events] Act;R2S-UMB ID1 sum of hail [events] Act;R2S-UMB ID1 drizzle flag [] Act;R2S-UMB ID1 rain flag [] Act;R2S-UMB ID1 snow flag [] Act;R2S-UMB ID1 ambient temperature [°C] Act;R2S-UMB ID1 precipitat.intensity [in/h] Act;R2S-UMB ID1 sum of hail [] Act;R2S-UMB ID1 sum of rain-drops [] Act
2016-12-16 11:28:57;0.0000;211.2800;    0;    0;    0;    0;    0;    0;    0;22.0700;0.0000;    0;    0
2016-12-16 11:29:57;0.0000;211.2800;    0;    0;    0;    0;    0;    0;    0;22.2500;0.0000;    0;    0
2016-12-16 11:30:57;0.0000;211.2800;    0;    0;    0;    0;    0;    0;    0;21.9000;0.0000;    0;    0
2016-12-16 11:31:57;0.0000;211.2800;    0;    0;    0;    0;    0;    0;    0;21.9000;0.0000;    0;    0
2016-12-16 11:32:57;0.0000;211.2800;    0;    0;    0;    0;    0;    0;    0;22.2500;0.0000;    0;    0
2016-12-16 11:33:57;0.0000;211.2800;    0;    0;    0;    0;    0;    0;    0;21.5500;0.0000;    0;    0
2016-12-16 11:34:57;0.0000;211.2800;    0;    0;    0;    0;    0;    0;    0;21.8100;0.0000;    0;    0
2016-12-16 11:35:57;0.0000;211.2800;    0;    0;    0;    0;    0;    0;    0;21.5500;0.0000;    0;    0
2016-12-16 11:36:57;0.0000;211.2800;    0;    0;    0;    0;    0;    0;    0;21.4600;0.0000;    0;    0
2016-12-16 11:37:57;0.0000;211.2800;    0;    0;    0;    0;    0;    0;    0;21.7200;0.0000;    0;    0
2016-12-16 11:38:57;0.0000;211.2800;    0;    0;    0;    0;    0;    0;    0;22.5200;0.0000;    0;    0
2016-12-16 11:39:57;0.0000;211.2800;    0;    0;    0;    0;    0;    0;    0;22.3400;0.0000;    0;    0
2016-12-16 11:40:57;0.0000;211.2800;    0;    0;    0;    0;    0;    0;    0;22.7000;0.0000;    0;    0
2016-12-16 11:41:57;0.0000;211.2800;    0;    0;    0;    0;    0;    0;    0;22.2500;0.0000;    0;    0
2016-12-16 11:42:57;0.0000;211.2800;    0;    0;    0;    0;    0;    0;    0;22.2500;0.0000;    0;    0
2016-12-16 11:43:57;0.0000;211.2800;    0;    0;    0;    0;    0;    0;    0;23.1400;0.0000;    0;    1
2016-12-16 11:44:57;0.0000;211.2800;    0;    0;    0;    0;    0;    0;    0;23.5100;0.0000;    0;    4
2016-12-16 11:45:57;0.0000;211.2800;    0;    0;    0;    0;    0;    0;    0;22.0700;0.0000;    0;    3
2016-12-16 11:46:57;0.0000;211.2800;    0;    0;    0;    0;    0;    0;    0;21.9000;0.0000;    0;    2
2016-12-16 11:47:57;0.0000;211.2800;    0;    0;    0;    0;    0;    0;    0;23.4200;0.0000;    0;    3
2016-12-16 11:48:57;0.0000;211.2800;    0;    0;    0;    0;    0;    0;    0;23.5100;0.0000;    0;    3
2016-12-16 11:49:57;0.0000;211.2800;    0;    0;    0;    0;    0;    0;    0;22.6100;0.0000;    0;    2
2016-12-16 11:50:57;0.0000;211.2800;    0;    0;    0;    0;    0;    0;    0;21.9800;0.0000;    0;    1
2016-12-16 11:51:57;0.0000;211.2800;    0;    0;    0;    0;    0;    0;    0;23.1400;0.0000;    0;    0
2016-12-16 11:52:57;0.0000;211.2800;    0;    0;    0;    0;    0;    0;    0;23.1400;0.0000;    0;    0
2016-12-16 11:53:57;0.0000;211.2800;    0;    0;    0;    0;    0;    0;    0;23.4200;0.0000;    0;    0
2016-12-16 11:54:57;0.0000;211.2800;    0;    0;    0;    0;    0;    0;    0;23.1400;0.0000;    0;    0
2016-12-16 11:55:57;0.0000;211.2800;    0;    0;    0;    0;    0;    0;    0;23.7800;0.0000;    0;    0
2016-12-16 11:56:57;0.0000;211.2800;    0;    0;    0;    0;    0;    0;    0;23.2400;0.0000;    0;    0
2016-12-16 11:57:57;0.0000;211.2800;    0;    0;    0;    0;    0;    0;    0;22.8700;0.0000;    0;    0
2016-12-16 11:58:57;0.0000;211.2800;    0;    0;    0;    0;    0;    0;    0;22.0700;0.0000;    0;    0
2016-12-16 11:59:57;0.0000;211.2800;    0;    0;    0;    0;    0;    0;    0;22.3400;0.0000;    0;    0
2016-12-16 12:00:57;0.0000;211.2800;    0;    0;    0;    0;    0;    0;    0;21.3700;0.0000;    0;    0
2016-12-16 12:01:57;0.0000;211.2800;    0;    0;    0;    0;    0;    0;    0;21.9800;0.0000;    0;    0
2016-12-16 12:02:57;0.0000;211.2800;    0;    0;    0;    0;    0;    0;    0;22.3400;0.0000;    0;    0
2016-12-16 12:03:57;0.0000;211.2800;    0;    0;    0;    0;    0;    0;    0;23.4200;0.0000;    0;    0
2016-12-16 12:04:57;0.0000;211.2800;    0;    0;    0;    0;    0;    0;    0;23.6900;0.0000;    0;    3
2016-12-16 12:05:57;0.0000;211.2800;    0;    0;    0;    0;    0;    0;    0;24.5200;0.0000;    0;    6
2016-12-16 12:06:57;0.0000;211.2800;    0;    9;    0;    0;    1;    0;    0;25.1700;0.0000;    0;   11
2016-12-16 12:07:57;0.0000;211.2800;    0;    0;    0;    0;    0;    0;    0;23.6000;0.0000;    0;   10
2016-12-16 12:08:57;0.0000;211.2800;    0;    0;    0;    0;    0;    0;    0;25.3600;0.0000;    0;    9
2016-12-16 12:09:57;0.0000;211.2800;    0;    0;    0;    0;    0;    0;    0;23.9600;0.0000;    0;    8
2016-12-16 12:10:57;0.0000;211.2800;    0;    0;    0;    0;    0;    0;    0;24.2400;0.0000;    0;    8
2016-12-16 12:11:57;0.0000;211.2800;    0;    7;    0;    0;    0;    0;    0;24.5200;0.0000;    0;   13
2016-12-16 12:12:57;0.0000;211.2800;    0;    0;    0;    0;    0;    0;    0;23.1400;0.0000;    0;   12
2016-12-16 12:13:57;0.0000;211.2800;    0;    0;    0;    0;    0;    0;    0;24.8800;0.0000;    0;   11
2016-12-16 12:14:57;0.0000;211.2800;    0;    0;    0;    0;    0;    0;    0;26.2100;0.0000;    0;   10
2016-12-16 12:15:57;0.0000;211.2800;    0;    0;    0;    0;    0;    0;    0;25.1700;0.0000;    0;   10
2016-12-16 12:16:57;0.0000;211.2800;    0;    0;    0;    0;    0;    0;    0;24.2400;0.0000;    0;   10
2016-12-16 12:17:57;0.0000;211.2800;    0;    0;    0;    0;    0;    0;    0;25.0700;0.0000;    0;   11
2016-12-16 12:18:57;0.0000;211.2800;    0;    0;    0;    0;    0;    0;    0;25.0700;0.0000;    0;   10
2016-12-16 12:19:57;0.0000;211.2800;    0;    0;    0;    0;    0;    0;    0;24.9700;0.0000;    0;   11
2016-12-16 12:20:57;0.0000;211.2800;    0;    0;    0;    0;    0;    0;    0;25.0700;0.0000;    0;   12
2016-12-16 12:21:57;0.0000;211.2800;    0;    0;    0;    0;    0;    0;    0;25.6400;0.0000;    0;   12
2016-12-16 12:22:57;0.0000;211.2800;    0;    0;    0;    0;    0;    0;    0;25.3600;0.0000;    0;   11
2016-12-16 12:23:57;0.0000;211.2800;    0;    0;    0;    0;    0;    0;    0;23.8700;0.0000;    0;   10
2016-12-16 12:24:57;0.0000;211.2800;    0;    0;    0;    0;    0;    0;    0;23.6900;0.0000;    0;    9
2016-12-16 12:25:57;0.0000;211.2800;    0;    0;    0;    0;    0;    0;    0;24.2400;0.0000;    0;    8
2016-12-16 12:26:57;0.0000;211.2800;    0;    0;    0;    0;    0;    0;    0;23.6000;0.0000;    0;    7
2016-12-16 12:27:57;0.0000;211.2800;    0;    0;    0;    0;    0;    0;    0;24.5200;0.0000;    0;    6
2016-12-16 12:28:57;0.0000;211.2800;    0;    0;    0;    0;    0;    0;    0;24.3300;0.0000;    0;    5
2016-12-16 12:29:57;0.0000;211.2800;    0;    0;    0;    0;    0;    0;    0;24.2400;0.0000;    0;    8
2016-12-16 12:30:57;0.0000;211.2800;    0;    0;    0;    0;    0;    0;    0;23.4200;0.0000;    0;    7
2016-12-16 12:31:57;0.0000;211.2800;    0;    0;    0;    0;    0;    0;    0;23.3300;0.0000;    0;    6
2016-12-16 12:32:57;0.0000;211.2800;    0;    0;    0;    0;    0;    0;    0;23.9600;0.0000;    0;    5
2016-12-16 12:33:57;0.0000;211.2800;    0;    0;    0;    0;    0;    0;    0;24.5200;0.0000;    0;    4
2016-12-16 12:34:57;0.0000;211.2800;    0;    0;    0;    0;    0;    0;    0;24.0500;0.0000;    0;    3
2016-12-16 12:35:57;0.0000;211.2800;    0;    0;    0;    0;    0;    0;    0;24.5200;0.0000;    0;    2
2016-12-16 12:36:57;0.0000;211.2800;    0;    0;    0;    0;    0;    0;    0;24.7900;0.0000;    0;    1
2016-12-16 12:37:57;0.0000;211.2800;    0;    0;    0;    0;    0;    0;    0;24.5200;0.0000;    0;    0
2016-12-16 12:38:57;0.0000;211.2800;    0;    0;    0;    0;    0;    0;    0;24.8800;0.0000;    0;    2
2016-12-16 12:39:57;0.0000;211.2800;    0;    0;    0;    0;    0;    0;    0;24.7900;0.0000;    0;    2
2016-12-16 12:40:57;0.0000;211.2800;    0;    0;    0;    0;    0;    0;    0;25.1700;0.0000;    0;    6
2016-12-16 12:41:57;0.0000;211.2800;    0;    0;    0;    0;    0;    0;    0;23.7800;0.0000;    0;    5
2016-12-16 12:42:57;0.0000;211.2800;    0;    0;    0;    0;    0;    0;    0;24.7900;0.0000;    0;    4
2016-12-16 12:43:57;0.0000;211.2800;    0;    0;    0;    0;    0;    0;    0;25.9200;0.0000;    0;    4
2016-12-16 12:44:57;0.0000;211.2800;    0;    0;    0;    0;    0;    0;    0;25.8300;0.0000;    0;    4
2016-12-16 12:45:57;0.0000;211.2800;    0;    0;    0;    0;    0;    0;    0;26.0100;0.0000;    0;    3
2016-12-16 12:46:57;0.0000;211.2800;    0;    0;    0;    0;    0;    0;    0;26.5900;0.0000;    0;    2
2016-12-16 12:47:57;0.0000;211.2800;    0;    0;    0;    0;    0;    0;    0;26.6900;0.0000;    0;   10
2016-12-16 12:48:57;0.0000;211.2800;    0;   31;    0;    0;    0;    0;    0;26.2100;0.0000;    0;   33
2016-12-16 12:49:57;0.0000;211.2800;    0;   12;    0;    0;    0;    0;    0;25.9200;0.0000;    0;   43
2016-12-16 12:50:57;0.0000;211.2800;    0;    0;    0;    0;    0;    0;    0;24.6100;0.0000;    0;   43
2016-12-16 12:51:57;0.0000;211.2800;    0;    0;    0;    0;    0;    0;    0;24.7900;0.0000;    0;   45
2016-12-16 12:52:57;0.0000;211.2800;    0;    0;    0;    0;    0;    0;    0;26.3000;0.0000;    0;   50
2016-12-16 12:53:57;0.0000;211.2800;    0;    0;    0;    0;    0;    0;    0;25.8300;0.0000;    0;   49
2016-12-16 12:54:57;0.0000;211.2800;    0;    0;    0;    0;    0;    0;    0;26.1100;0.0000;    0;   48
2016-12-16 12:55:57;0.0000;211.2800;    0;    0;    0;    0;    0;    0;    0;27.1800;0.0000;    0;   48
2016-12-16 12:56:57;0.0000;211.2800;    0;    0;    0;    0;    0;    0;    0;25.6400;0.0000;    0;   49
2016-12-16 12:57:57;0.0000;211.2800;    0;    0;    0;    0;    0;    0;    0;25.2600;0.0000;    0;   48
2016-12-16 12:58:57;0.0000;211.2800;    0;    7;    0;    0;    0;    0;    0;26.4000;0.0000;    0;   56
2016-12-16 12:59:57;0.0000;211.2800;    0;    0;    0;    0;    0;    0;    0;27.4700;0.0000;    0;   57
2016-12-16 13:00:57;0.0000;211.2800;    0;    0;    0;    0;    0;    0;    0;25.6400;0.0000;    0;   57
2016-12-16 13:01:57;0.0000;211.2800;    0;    0;    0;    0;    0;    0;    0;25.5400;0.0000;    0;   57
2016-12-16 13:02:57;0.0000;211.2800;    0;    0;    0;    0;    0;    0;    0;25.0700;0.0000;    0;   56
2016-12-16 13:03:57;0.0000;211.2800;    0;    0;    0;    0;    0;    0;    0;25.1700;0.0000;    0;   55
2016-12-16 13:04:57;0.0000;211.2800;    0;    0;    0;    0;    0;    0;    0;25.0700;0.0000;    0;   54
2016-12-16 13:05:57;0.0000;211.2800;    0;    0;    0;    0;    0;    0;    0;26.0100;0.0000;    0;   54
2016-12-16 13:06:57;0.0000;211.2800;    0;    0;    0;    0;    0;    0;    0;25.9200;0.0000;    0;   53
2016-12-16 13:07:57;0.0000;211.2800;    0;    0;    0;    0;    0;    0;    0;26.0100;0.0000;    0;   52
2016-12-16 13:08:57;0.0000;211.2800;    0;    0;    0;    0;    0;    0;    0;26.5000;0.0000;    0;   61
2016-12-16 13:09:57;0.0000;211.2800;    0;   21;    0;    0;    0;    0;    0;26.8800;0.0000;    0;   75
2016-12-16 13:10:57;0.0000;211.2800;    0;    0;    0;    0;    0;    0;    0;25.5400;0.0000;    0;   75
2016-12-16 13:11:57;0.0000;211.2800;    0;    0;    0;    0;    0;    0;    0;25.2600;0.0000;    0;   78
2016-12-16 13:12:57;0.0000;211.2800;    0;    0;    0;    0;    0;    0;    0;26.3000;0.0000;    0;   81
2016-12-16 13:13:57;0.0000;211.2800;    0;    0;    0;    0;    0;    0;    0;26.5000;0.0000;    0;   83
2016-12-16 13:14:57;0.0000;211.2800;    0;   11;    0;    0;    1;    0;    0;26.9800;0.0000;    0;   96
2016-12-16 13:15:57;0.0000;211.2800;    0;   73;    0;    0;    1;    0;    0;27.2700;0.0000;    0;  177
2016-12-16 13:16:57;0.0000;211.2800;    0;   38;    0;    0;    0;    0;    0;27.2700;0.0000;    0;  212
2016-12-16 13:17:57;0.0000;211.2800;    0;   12;    0;    0;    0;    0;    0;26.2100;0.0000;    0;  213
2016-12-16 13:18:57;0.0000;211.2800;    0;    0;    0;    0;    0;    0;    0;24.6100;0.0000;    0;  212
2016-12-16 13:19:57;0.0000;211.2800;    0;    0;    0;    0;    0;    0;    0;24.4200;0.0000;    0;  211
2016-12-16 13:20:57;0.0000;211.2800;    0;    0;    0;    0;    0;    0;    0;24.7000;0.0000;    0;  210
2016-12-16 13:21:57;0.0000;211.2800;    0;    0;    0;    0;    0;    0;    0;24.0500;0.0000;    0;  209
2016-12-16 13:22:57;0.0000;211.2800;    0;    0;    0;    0;    0;    0;    0;24.6100;0.0000;    0;  208
2016-12-16 13:23:57;0.0000;211.2800;    0;    0;    0;    0;    0;    0;    0;24.2400;0.0000;    0;  207
2016-12-16 13:24:57;0.0000;211.2800;    0;    0;    0;    0;    0;    0;    0;24.9700;0.0000;    0;  206
2016-12-16 13:25:57;0.0000;211.2800;    0;    0;    0;    0;    0;    0;    0;24.7900;0.0000;    0;  206
2016-12-16 13:26:57;0.0000;211.2800;    0;    0;    0;    0;    0;    0;    0;23.8700;0.0000;    0;  205
2016-12-16 13:27:57;0.0000;211.2800;    0;    0;    0;    0;    0;    0;    0;25.8300;0.0000;    0;  205
2016-12-16 13:28:57;0.0000;211.2800;    0;    0;    0;    0;    0;    0;    0;26.5000;0.0000;    0;  204
2016-12-16 13:29:57;0.0000;211.2800;    0;    0;    0;    0;    0;    0;    0;25.3600;0.0000;    0;  203
2016-12-16 13:30:57;0.0000;211.2800;    0;    0;    0;    0;    0;    0;    0;25.0700;0.0000;    0;  202
2016-12-16 13:31:57;0.0000;211.2800;    0;    0;    0;    0;    0;    0;    0;25.1700;0.0000;    0;  201
2016-12-16 13:32:57;0.0000;211.2800;    0;    0;    0;    0;    0;    0;    0;25.3600;0.0000;    0;  200
2016-12-16 13:33:57;0.0000;211.2800;    0;    0;    0;    0;    0;    0;    0;25.8300;0.0000;    0;  199
2016-12-16 13:34:57;0.0000;211.2800;    0;    0;    0;    0;    0;    0;    0;25.8300;0.0000;    0;  199
2016-12-16 13:35:57;0.0000;211.2800;    0;    9;    0;    0;    0;    0;    0;26.2100;0.0000;    0;  216
2016-12-16 13:36:57;0.0000;211.2800;    0;    9;    0;    0;    0;    0;    0;25.7300;0.0000;    0;  215
2016-12-16 13:37:57;0.0000;211.2800;    0;    0;    0;    0;    0;    0;    0;25.4500;0.0000;    0;  214
2016-12-16 13:38:57;0.0000;211.2800;    0;    0;    0;    0;    0;    0;    0;24.7900;0.0000;    0;  213
2016-12-16 13:39:57;0.0000;211.2800;    0;    0;    0;    0;    0;    0;    0;24.8800;0.0000;    0;  212
2016-12-16 13:40:57;0.0000;211.2800;    0;    0;    0;    0;    0;    0;    0;24.7900;0.0000;    0;  211
2016-12-16 13:41:57;0.0000;211.2800;    0;    0;    0;    0;    0;    0;    0;24.7900;0.0000;    0;  210
2016-12-16 13:42:57;0.0000;211.2800;    0;    0;    0;    0;    0;    0;    0;24.7900;0.0000;    0;  209
2016-12-16 13:43:57;0.0000;211.2800;    0;    0;    0;    0;    0;    0;    0;25.4500;0.0000;    0;  208
2016-12-16 13:44:57;0.0000;211.2800;    0;    0;    0;    0;    0;    0;    0;25.4500;0.0000;    0;  207
2016-12-16 13:45:57;0.0000;211.2800;    0;    0;    0;    0;    0;    0;    0;25.1700;0.0000;    0;  206
2016-12-16 13:46:57;0.0000;211.2800;    0;    0;    0;    0;    0;    0;    0;25.1700;0.0000;    0;  205
2016-12-16 13:47:57;0.0000;211.2800;    0;    0;    0;    0;    0;    0;    0;25.5400;0.0000;    0;  204
2016-12-16 13:48:57;0.0000;211.2800;    0;    0;    0;    0;    0;    0;    0;25.1700;0.0000;    0;  203
2016-12-16 13:49:57;0.0000;211.2800;    0;    0;    0;    0;    0;    0;    0;24.7000;0.0000;    0;  202
2016-12-16 13:50:57;0.0000;211.2800;    0;    0;    0;    0;    0;    0;    0;25.0700;0.0000;    0;  201
2016-12-16 13:51:57;0.0000;211.2800;    0;    0;    0;    0;    0;    0;    0;24.9700;0.0000;    0;  200
2016-12-16 13:52:57;0.0000;211.2800;    0;    0;    0;    0;    0;    0;    0;25.1700;0.0000;    0;  199
2016-12-16 13:53:57;0.0000;211.2800;    0;    0;    0;    0;    0;    0;    0;24.5200;0.0000;    0;  199
2016-12-16 13:54:57;0.0000;211.2800;    0;    0;    0;    0;    0;    0;    0;24.7000;0.0000;    0;  198
2016-12-16 13:55:57;0.0000;211.2800;    0;    0;    0;    0;    0;    0;    0;24.3300;0.0000;    0;  197
2016-12-16 13:56:57;0.0000;211.2800;    0;    0;    0;    0;    0;    0;    0;24.4200;0.0000;    0;  196
2016-12-16 13:57:57;0.0000;211.2800;    0;    0;    0;    0;    0;    0;    0;24.4200;0.0000;    0;  195
2016-12-16 13:58:57;0.0000;211.2800;    0;    0;    0;    0;    0;    0;    0;24.6100;0.0000;    0;  194
2016-12-16 13:59:57;0.0000;211.2800;    0;    0;    0;    0;    0;    0;    0;24.7900;0.0000;    0;  193
2016-12-16 14:00:57;0.0000;211.2800;    0;    0;    0;    0;    0;    0;    0;25.6400;0.0000;    0;  193
2016-12-16 14:01:57;0.0000;211.2800;    0;    0;    0;    0;    0;    0;    0;26.2100;0.0000;    0;  193
2016-12-16 14:02:57;0.0000;211.2800;    0;    0;    0;    0;    0;    0;    0;25.0700;0.0000;    0;  194
2016-12-16 14:03:57;0.0000;211.2800;    0;    0;    0;    0;    0;    0;    0;24.8800;0.0000;    0;  193
2016-12-16 14:04:57;0.0000;211.2800;    0;    0;    0;    0;    0;    0;    0;24.0500;0.0000;    0;  193
2016-12-16 14:05:57;0.0000;211.2800;    0;    0;    0;    0;    0;    0;    0;24.1400;0.0000;    0;  192
2016-12-16 14:06:57;0.0000;211.2800;    0;    0;    0;    0;    0;    0;    0;24.3300;0.0000;    0;  191
2016-12-16 14:07:57;0.0000;211.2800;    0;    0;    0;    0;    0;    0;    0;25.3600;0.0000;    0;  190
2016-12-16 14:08:57;0.0000;211.2800;    0;    0;    0;    0;    0;    0;    0;25.7300;0.0000;    0;  189
2016-12-16 14:09:57;0.0000;211.2800;    0;    0;    0;    0;    0;    0;    0;24.4200;0.0000;    0;  188
2016-12-16 14:10:57;0.0000;211.2800;    0;    0;    0;    0;    0;    0;    0;25.1700;0.0000;    0;  187
2016-12-16 14:11:57;0.0000;211.2800;    0;    0;    0;    0;    0;    0;    0;24.6100;0.0000;    0;  187
2016-12-16 14:12:57;0.0000;211.2800;    0;    0;    0;    0;    0;    0;    0;25.4500;0.0000;    0;  186
2016-12-16 14:13:57;0.0000;211.2800;    0;    0;    0;    0;    0;    0;    0;25.7300;0.0000;    0;  185
2016-12-16 14:14:57;0.0000;211.2800;    0;    0;    0;    0;    0;    0;    0;25.3600;0.0000;    0;  184
2016-12-16 14:15:57;0.0000;211.2800;    0;    0;    0;    0;    0;    0;    0;25.9200;0.0000;    0;  183
2016-12-16 14:16:57;0.0000;211.2800;    0;    0;    0;    0;    0;    0;    0;26.1100;0.0000;    0;  182
2016-12-16 14:17:57;0.0000;211.2800;    0;    0;    0;    0;    0;    0;    0;24.9700;0.0000;    0;  181
2016-12-16 14:18:57;0.0000;211.2800;    0;    0;    0;    0;    0;    0;    0;25.9200;0.0000;    0;  180
2016-12-16 14:19:57;0.0000;211.2800;    0;    0;    0;    0;    0;    0;    0;26.2100;0.0000;    0;  179
2016-12-16 14:20:57;0.0000;211.2800;    0;    0;    0;    0;    0;    0;    0;25.9200;0.0000;    0;  178
2016-12-16 14:21:57;0.0000;211.2800;    0;    0;    0;    0;    0;    0;    0;26.1100;0.0000;    0;  181
2016-12-16 14:22:57;0.0000;211.2800;    0;    0;    0;    0;    0;    0;    0;26.5000;0.0000;    0;  181
2016-12-16 14:23:57;0.0000;211.2800;    0;    0;    0;    0;    0;    0;    0;26.5000;0.0000;    0;  184
2016-12-16 14:24:57;0.0000;211.2800;    0;    0;    0;    0;    0;    0;    0;25.4500;0.0000;    0;  183
2016-12-16 14:25:57;0.0000;211.2800;    0;    0;    0;    0;    0;    0;    0;25.7300;0.0000;    0;  183
2016-12-16 14:26:57;0.0000;211.2800;    0;    0;    0;    0;    0;    0;    0;25.3600;0.0000;    0;  183
2016-12-16 14:27:57;0.0000;211.2800;    0;    0;    0;    0;    0;    0;    0;26.2100;0.0000;    0;  184
2016-12-16 14:28:57;0.0000;211.2800;    0;    0;    0;    0;    0;    0;    0;25.5400;0.0000;    0;  183
2016-12-16 14:29:57;0.0000;211.2800;    0;    0;    0;    0;    0;    0;    0;25.5400;0.0000;    0;  182
2016-12-16 14:30:57;0.0000;211.2800;    0;    0;    0;    0;    0;    0;    0;24.7000;0.0000;    0;  181
2016-12-16 14:31:57;0.0000;211.2800;    0;    0;    0;    0;    0;    0;    0;24.4200;0.0000;    0;  180
2016-12-16 14:32:57;0.0000;211.2800;    0;    0;    0;    0;    0;    0;    0;24.5200;0.0000;    0;  179
2016-12-16 14:33:57;0.0000;211.2800;    0;    0;    0;    0;    0;    0;    0;24.7900;0.0000;    0;  178
2016-12-16 14:34:57;0.0000;211.2800;    0;    0;    0;    0;    0;    0;    0;24.7900;0.0000;    0;  177
2016-12-16 14:35:57;0.0000;211.2800;    0;    0;    0;    0;    0;    0;    0;24.6100;0.0000;    0;  176
2016-12-16 14:36:57;0.0000;211.2800;    0;    0;    0;    0;    0;    0;    0;24.3300;0.0000;    0;  175
2016-12-16 14:37:57;0.0000;211.2800;    0;    0;    0;    0;    0;    0;    0;25.1700;0.0000;    0;  175
2016-12-16 14:38:57;0.0000;211.2800;    0;    0;    0;    0;    0;    0;    0;25.2600;0.0000;    0;  174
2016-12-16 14:39:57;0.0000;211.2800;    0;    0;    0;    0;    0;    0;    0;24.6100;0.0000;    0;  173
2016-12-16 14:40:57;0.0000;211.2800;    0;    0;    0;    0;    0;    0;    0;24.5200;0.0000;    0;  172
2016-12-16 14:41:57;0.0000;211.2800;    0;    0;    0;    0;    0;    0;    0;24.6100;0.0000;    0;  171
2016-12-16 14:42:57;0.0000;211.2800;    0;    0;    0;    0;    0;    0;    0;24.4200;0.0000;    0;  170
2016-12-16 14:43:57;0.0000;211.2800;    0;    0;    0;    0;    0;    0;    0;24.4200;0.0000;    0;  170
2016-12-16 14:44:57;0.0000;211.2800;    0;    0;    0;    0;    0;    0;    0;23.8700;0.0000;    0;  171
2016-12-16 14:45:57;0.0000;211.2800;    0;    0;    0;    0;    0;    0;    0;23.5100;0.0000;    0;  170
2016-12-16 14:46:57;0.0000;211.2800;    0;    0;    0;    0;    0;    0;    0;24.4200;0.0000;    0;  169
2016-12-16 14:47:57;0.0000;211.2800;    0;    0;    0;    0;    0;    0;    0;24.1400;0.0000;    0;  168
2016-12-16 14:48:57;0.0000;211.2800;    0;    0;    0;    0;    0;    0;    0;24.3300;0.0000;    0;  167
2016-12-16 14:49:57;0.0000;211.2800;    0;    0;    0;    0;    0;    0;    0;23.7800;0.0000;    0;  166
2016-12-16 14:50:57;0.0000;211.2800;    0;    0;    0;    0;    0;    0;    0;24.1400;0.0000;    0;  165
2016-12-16 14:51:57;0.0000;211.2800;    0;    0;    0;    0;    0;    0;    0;24.2400;0.0000;    0;  164
2016-12-16 14:52:57;0.0000;211.2800;    0;    0;    0;    0;    0;    0;    0;23.5100;0.0000;    0;  163
2016-12-16 14:53:57;0.0000;211.2800;    0;    0;    0;    0;    0;    0;    0;23.6900;0.0000;    0;  162
2016-12-16 14:54:57;0.0000;211.2800;    0;    0;    0;    0;    0;    0;    0;24.2400;0.0000;    0;  161
2016-12-16 14:55:57;0.0000;211.2800;    0;    0;    0;    0;    0;    0;    0;24.7900;0.0000;    0;  160
2016-12-16 14:56:57;0.0000;211.2800;    0;    0;    0;    0;    0;    0;    0;24.9700;0.0000;    0;  160
2016-12-16 14:57:57;0.0000;211.2800;    0;    0;    0;    0;    0;    0;    0;24.4200;0.0000;    0;  159
2016-12-16 14:58:57;0.0000;211.2800;    0;    0;    0;    0;    0;    0;    0;24.3300;0.0000;    0;  159
2016-12-16 14:59:57;0.0000;211.2800;    0;    0;    0;    0;    0;    0;    0;23.9600;0.0000;    0;  158
2016-12-16 15:00:57;0.0000;211.2800;    0;    0;    0;    0;    0;    0;    0;23.8700;0.0000;    0;  157
2016-12-16 15:01:57;0.0000;211.2800;    0;    0;    0;    0;    0;    0;    0;23.8700;0.0000;    0;  156
2016-12-16 15:02:57;0.0000;211.2800;    0;    0;    0;    0;    0;    0;    0;23.6900;0.0000;    0;  155
2016-12-16 15:03:57;0.0000;211.2800;    0;    0;    0;    0;    0;    0;    0;23.8700;0.0000;    0;  154
2016-12-16 15:04:57;0.0000;211.2800;    0;    0;    0;    0;    0;    0;    0;24.5200;0.0000;    0;  154
2016-12-16 15:05:57;0.0000;211.2800;    0;    0;    0;    0;    0;    0;    0;24.2400;0.0000;    0;  153
2016-12-16 15:06:57;0.0000;211.2800;    0;    0;    0;    0;    0;    0;    0;24.2400;0.0000;    0;  152
2016-12-16 15:07:57;0.0000;211.2800;    0;    0;    0;    0;    0;    0;    0;24.4200;0.0000;    0;  151
2016-12-16 15:08:57;0.0000;211.2800;    0;    0;    0;    0;    0;    0;    0;24.7000;0.0000;    0;  150
2016-12-16 15:09:57;0.0000;211.2800;    0;    0;    0;    0;    0;    0;    0;24.8800;0.0000;    0;  149
2016-12-16 15:10:57;0.0000;211.2800;    0;    0;    0;    0;    0;    0;    0;24.2400;0.0000;    0;  150
2016-12-16 15:11:57;0.0000;211.2800;    0;    0;    0;    0;    0;    0;    0;24.7900;0.0000;    0;  150
2016-12-16 15:12:57;0.0000;211.2800;    0;   12;    0;    0;    0;    0;    0;25.1700;0.0000;    0;  161
2016-12-16 15:13:57;0.0000;211.2800;    0;    0;    0;    0;    0;    0;    0;24.6100;0.0000;    0;  160
2016-12-16 15:14:57;0.0000;211.2800;    0;   16;    0;    0;    0;    0;    0;24.9700;0.0000;    0;  175
2016-12-16 15:15:57;0.0000;211.2800;    0;    0;    0;    0;    0;    0;    0;23.8700;0.0000;    0;  174
2016-12-16 15:16:57;0.0000;211.2800;    0;    0;    0;    0;    0;    0;    0;23.5100;0.0000;    0;  176
2016-12-16 15:17:57;0.0000;211.2800;    0;    0;    0;    0;    0;    0;    0;23.4200;0.0000;    0;  175
2016-12-16 15:18:57;0.0000;211.2800;    0;    0;    0;    0;    0;    0;    0;24.0500;0.0000;    0;  176
2016-12-16 15:19:57;0.0000;211.2800;    0;    0;    0;    0;    0;    0;    0;24.0500;0.0000;    0;  176
2016-12-16 15:20:57;0.0000;211.2800;    0;    0;    0;    0;    0;    0;    0;23.6000;0.0000;    0;  175
2016-12-16 15:21:57;0.0000;211.2800;    0;    0;    0;    0;    0;    0;    0;24.2400;0.0000;    0;  174
2016-12-16 15:22:57;0.0000;211.2800;    0;    0;    0;    0;    0;    0;    0;23.8700;0.0000;    0;  173
2016-12-16 15:23:57;0.0000;211.2800;    0;    0;    0;    0;    0;    0;    0;23.7800;0.0000;    0;  172
2016-12-16 15:24:57;0.0000;211.2800;    0;    0;    0;    0;    0;    0;    0;23.9600;0.0000;    0;  171
2016-12-16 15:25:57;0.0000;211.2800;    0;    0;    0;    0;    0;    0;    0;24.1400;0.0000;    0;  170
2016-12-16 15:26:57;0.0000;211.2800;    0;    0;    0;    0;    0;    0;    0;24.2400;0.0000;    0;  170
2016-12-16 15:27:57;0.0000;211.2800;    0;    0;    0;    0;    0;    0;    0;24.1400;0.0000;    0;  169
2016-12-16 15:28:57;0.0000;211.2800;    0;    0;    0;    0;    0;    0;    0;24.4200;0.0000;    0;  168
2016-12-16 15:29:57;0.0000;211.2800;    0;    0;    0;    0;    0;    0;    0;25.3600;0.0000;    0;  168
2016-12-16 15:30:57;0.0000;211.2800;    0;    0;    0;    0;    0;    0;    0;26.5900;0.0000;    0;  172
2016-12-16 15:31:57;0.0000;211.2800;    0;    0;    0;    0;    0;    0;    0;26.2100;0.0000;    0;  173
2016-12-16 15:32:57;0.0000;211.2800;    0;    0;    0;    0;    0;    0;    0;26.6900;0.0000;    0;  174
2016-12-16 15:33:57;0.0000;211.2800;    0;    0;    0;    0;    0;    0;    0;26.6900;0.0000;    0;  173
2016-12-16 15:34:57;0.0000;211.2800;    0;    0;    0;    0;    0;    0;    0;26.2100;0.0000;    0;  172
2016-12-16 15:35:57;0.0000;211.2800;    0;    0;    0;    0;    0;    0;    0;26.5900;0.0000;    0;  172
2016-12-16 15:36:57;0.0000;211.2800;    0;    0;    0;    0;    0;    0;    0;26.8800;0.0000;    0;  171
2016-12-16 15:37:57;0.0000;211.2800;    0;    0;    0;    0;    0;    0;    0;26.2100;0.0000;    0;  170
2016-12-16 15:38:57;0.0000;211.2800;    0;    0;    0;    0;    0;    0;    0;25.1700;0.0000;    0;  169
2016-12-16 15:39:57;0.0000;211.2800;    0;    0;    0;    0;    0;    0;    0;25.6400;0.0000;    0;  168
2016-12-16 15:40:57;0.0000;211.2800;    0;    0;    0;    0;    0;    0;    0;26.2100;0.0000;    0;  167
2016-12-16 15:41:57;0.0000;211.2800;    0;    0;    0;    0;    0;    0;    0;25.4500;0.0000;    0;  166
2016-12-16 15:42:56;0.0000;211.2800;    0;    0;    0;    0;    0;    0;    0;25.5400;0.0000;    0;  165
2016-12-16 15:43:56;0.0000;211.2800;    0;    0;    0;    0;    0;    0;    0;25.1700;0.0000;    0;  164
2016-12-16 15:44:56;0.0000;211.2800;    0;    0;    0;    0;    0;    0;    0;25.4500;0.0000;    0;  163
2016-12-16 15:45:56;0.0000;211.2800;    0;    0;    0;    0;    0;    0;    0;25.3600;0.0000;    0;  162
2016-12-16 15:46:56;0.0000;211.2800;    0;    0;    0;    0;    0;    0;    0;25.2600;0.0000;    0;  161
2016-12-16 15:47:56;0.0000;211.2800;    0;    0;    0;    0;    0;    0;    0;25.6400;0.0000;    0;  161
2016-12-16 15:48:56;0.0000;211.2800;    0;    0;    0;    0;    0;    0;    0;25.5400;0.0000;    0;  161
2016-12-16 15:49:56;0.0000;211.2800;    0;   10;    0;    0;    1;    0;    0;25.6400;0.0000;    0;  171
2016-12-16 15:50:56;0.0000;211.2800;    0;    0;    0;    0;    0;    0;    0;24.8800;0.0000;    0;  170
2016-12-16 15:51:56;0.0000;211.2800;    0;    0;    0;    0;    0;    0;    0;24.3300;0.0000;    0;  169
2016-12-16 15:52:56;0.0000;211.2800;    0;    0;    0;    0;    0;    0;    0;24.6100;0.0000;    0;  168
2016-12-16 15:53:56;0.0000;211.2800;    0;    0;    0;    0;    0;    0;    0;24.8800;0.0000;    0;  170
2016-12-16 15:54:56;0.0000;211.2800;    0;    0;    0;    0;    0;    0;    0;24.5200;0.0000;    0;  171
2016-12-16 15:55:56;0.0000;211.2800;    0;    0;    0;    0;    0;    0;    0;24.6100;0.0000;    0;  172
2016-12-16 15:56:56;0.0000;211.2800;    0;   17;    0;    0;    0;    0;    0;25.1700;0.0000;    0;  188
2016-12-16 15:57:56;0.0000;211.2800;    0;    0;    0;    0;    0;    0;    0;24.8800;0.0000;    0;  188
2016-12-16 15:58:56;0.0000;211.2800;    0;    0;    0;    0;    0;    0;    0;24.4200;0.0000;    0;  187
2016-12-16 15:59:56;0.0000;211.2800;    0;    0;    0;    0;    0;    0;    0;24.5200;0.0000;    0;  186
2016-12-16 16:00:56;0.0000;211.2800;    0;    0;    0;    0;    0;    0;    0;24.3300;0.0000;    0;  185
2016-12-16 16:01:56;0.0000;211.2800;    0;    0;    0;    0;    0;    0;    0;24.5200;0.0000;    0;  184
2016-12-16 16:02:56;0.0000;211.2800;    0;    0;    0;    0;    0;    0;    0;24.1400;0.0000;    0;  183
2016-12-16 16:03:56;0.0000;211.2800;    0;    0;    0;    0;    0;    0;    0;24.1400;0.0000;    0;  182
2016-12-16 16:04:56;0.0000;211.2800;    0;    0;    0;    0;    0;    0;    0;24.8800;0.0000;    0;  181
2016-12-16 16:05:56;0.0000;211.2800;    0;   12;    0;    0;    0;    0;    0;24.8800;0.0000;    0;  195
2016-12-16 16:06:56;0.0000;211.2800;    0;    8;    0;    0;    0;    0;    0;24.9700;0.0000;    0;  207
2016-12-16 16:07:56;0.0000;211.2800;    0;   15;    0;    0;    0;    0;    0;24.8800;0.0000;    0;  221
2016-12-16 16:08:56;0.0100;211.2900;   60;   10;    0;    0;    1;    0;    0;24.3300;0.0000;    0;    1
2016-12-16 16:09:56;0.0000;211.2900;   60;    0;    0;    0;    0;    0;    0;23.6000;0.0236;    0;    1
2016-12-16 16:10:56;0.0000;211.2900;    0;    0;    0;    0;    0;    0;    0;23.4200;0.0000;    0;    0
2016-12-16 16:11:56;0.0000;211.2900;    0;    0;    0;    0;    0;    0;    0;23.8700;0.0000;    0;    0
2016-12-16 16:12:56;0.0000;211.2900;    0;   14;    0;    0;    0;    0;    0;24.1400;0.0000;    0;   22
2016-12-16 16:13:56;0.0000;211.2900;    0;   65;    0;    0;    1;    0;    0;24.5200;0.0000;    0;   85
2016-12-16 16:14:56;0.0000;211.2900;    0;    0;    0;    0;    0;    0;    0;23.8700;0.0000;    0;   84
2016-12-16 16:15:56;0.0000;211.2900;    0;   11;    0;    0;    1;    0;    0;24.5200;0.0000;    0;   95
2016-12-16 16:16:56;0.0000;211.2900;    0;    0;    0;    0;    0;    0;    0;23.7800;0.0000;    0;   97
2016-12-16 16:17:56;0.0000;211.2900;    0;    0;    0;    0;    0;    0;    0;23.6900;0.0000;    0;   96
2016-12-16 16:18:56;0.0000;211.2900;    0;    0;    0;    0;    0;    0;    0;23.2400;0.0000;    0;   95
2016-12-16 16:19:56;0.0000;211.2900;    0;    0;    0;    0;    0;    0;    0;22.8700;0.0000;    0;   94
2016-12-16 16:20:56;0.0000;211.2900;    0;    0;    0;    0;    0;    0;    0;22.9600;0.0000;    0;   93
2016-12-16 16:21:56;0.0000;211.2900;    0;    0;    0;    0;    0;    0;    0;22.9600;0.0000;    0;   92
2016-12-16 16:22:56;0.0000;211.2900;    0;    0;    0;    0;    0;    0;    0;23.2400;0.0000;    0;   91
2016-12-16 16:23:56;0.0000;211.2900;    0;    0;    0;    0;    0;    0;    0;23.6900;0.0000;    0;   90
2016-12-16 16:24:56;0.0000;211.2900;    0;    0;    0;    0;    0;    0;    0;23.6000;0.0000;    0;   89
2016-12-16 16:25:56;0.0000;211.2900;    0;    0;    0;    0;    0;    0;    0;23.4200;0.0000;    0;   88
2016-12-16 16:26:56;0.0000;211.2900;    0;    0;    0;    0;    0;    0;    0;23.7800;0.0000;    0;   88
2016-12-16 16:27:56;0.0000;211.2900;    0;    0;    0;    0;    0;    0;    0;24.3300;0.0000;    0;   92
2016-12-16 16:28:56;0.0000;211.2900;    0;    0;    0;    0;    0;    0;    0;23.6000;0.0000;    0;   92
2016-12-16 16:29:56;0.0000;211.2900;    0;    0;    0;    0;    0;    0;    0;23.4200;0.0000;    0;   91
2016-12-16 16:30:56;0.0000;211.2900;    0;    0;    0;    0;    0;    0;    0;24.4200;0.0000;    0;   90
2016-12-16 16:31:56;0.0000;211.2900;    0;    0;    0;    0;    0;    0;    0;23.1400;0.0000;    0;   89
2016-12-16 16:32:56;0.0000;211.2900;    0;    0;    0;    0;    0;    0;    0;24.0500;0.0000;    0;   90
2016-12-16 16:33:56;0.0000;211.2900;    0;    0;    0;    0;    0;    0;    0;23.8700;0.0000;    0;   89
2016-12-16 16:34:56;0.0000;211.2900;    0;    0;    0;    0;    0;    0;    0;24.3300;0.0000;    0;   95
2016-12-16 16:35:56;0.0000;211.2900;    0;   20;    0;    0;    1;    0;    0;25.0700;0.0000;    0;  107
2016-12-16 16:36:56;0.0000;211.2900;    0;    0;    0;    0;    0;    0;    0;24.0500;0.0000;    0;  109
2016-12-16 16:37:56;0.0000;211.2900;    0;    0;    0;    0;    0;    0;    0;23.6000;0.0000;    0;  108
2016-12-16 16:38:56;0.0000;211.2900;    0;    0;    0;    0;    0;    0;    0;23.0500;0.0000;    0;  108
2016-12-16 16:39:56;0.0000;211.2900;    0;    0;    0;    0;    0;    0;    0;23.6000;0.0000;    0;  107
2016-12-16 16:40:56;0.0000;211.2900;    0;    0;    0;    0;    0;    0;    0;23.8700;0.0000;    0;  106
2016-12-16 16:41:56;0.0000;211.2900;    0;    0;    0;    0;    0;    0;    0;23.6000;0.0000;    0;  109
2016-12-16 16:42:56;0.0000;211.2900;    0;    0;    0;    0;    0;    0;    0;23.3300;0.0000;    0;  108
2016-12-16 16:43:56;0.0000;211.2900;    0;    0;    0;    0;    0;    0;    0;23.2400;0.0000;    0;  111
2016-12-16 16:44:56;0.0000;211.2900;    0;    0;    0;    0;    0;    0;    0;23.0500;0.0000;    0;  110
2016-12-16 16:45:56;0.0000;211.2900;    0;    6;    0;    0;    0;    0;    0;23.9600;0.0000;    0;  115
2016-12-16 16:46:56;0.0000;211.2900;    0;    0;    0;    0;    0;    0;    0;23.2400;0.0000;    0;  114
2016-12-16 16:47:56;0.0000;211.2900;    0;    0;    0;    0;    0;    0;    0;23.3300;0.0000;    0;  113
2016-12-16 16:48:56;0.0000;211.2900;    0;    0;    0;    0;    0;    0;    0;23.0500;0.0000;    0;  112
2016-12-16 16:49:56;0.0000;211.2900;    0;    0;    0;    0;    0;    0;    0;22.8700;0.0000;    0;  111
2016-12-16 16:50:56;0.0000;211.2900;    0;    0;    0;    0;    0;    0;    0;23.3300;0.0000;    0;  110
2016-12-16 16:51:56;0.0000;211.2900;    0;    0;    0;    0;    0;    0;    0;23.1400;0.0000;    0;  109
2016-12-16 16:52:56;0.0000;211.2900;    0;    0;    0;    0;    0;    0;    0;23.6000;0.0000;    0;  108
2016-12-16 16:53:56;0.0000;211.2900;    0;    0;    0;    0;    0;    0;    0;23.8700;0.0000;    0;  107
2016-12-16 16:54:56;0.0000;211.2900;    0;    0;    0;    0;    0;    0;    0;23.7800;0.0000;    0;  106
2016-12-16 16:55:56;0.0000;211.2900;    0;    0;    0;    0;    0;    0;    0;23.6000;0.0000;    0;  105
2016-12-16 16:56:56;0.0000;211.2900;    0;    0;    0;    0;    0;    0;    0;23.9600;0.0000;    0;  104
2016-12-16 16:57:56;0.0000;211.2900;    0;    0;    0;    0;    0;    0;    0;23.5100;0.0000;    0;  103
2016-12-16 16:58:56;0.0000;211.2900;    0;    0;    0;    0;    0;    0;    0;23.9600;0.0000;    0;  102
2016-12-16 16:59:56;0.0000;211.2900;    0;    0;    0;    0;    0;    0;    0;23.8700;0.0000;    0;  103
2016-12-16 17:00:56;0.0000;211.2900;    0;    0;    0;    0;    0;    0;    0;23.8700;0.0000;    0;  102
2016-12-16 17:01:56;0.0000;211.2900;    0;    0;    0;    0;    0;    0;    0;23.1400;0.0000;    0;  101
2016-12-16 17:02:56;0.0000;211.2900;    0;    0;    0;    0;    0;    0;    0;23.0500;0.0000;    0;  100
2016-12-16 17:03:56;0.0000;211.2900;    0;    0;    0;    0;    0;    0;    0;24.5200;0.0000;    0;   99
2016-12-16 17:04:56;0.0000;211.2900;    0;    0;    0;    0;    0;    0;    0;25.2600;0.0000;    1;  102
2016-12-16 17:05:56;0.0000;211.2900;    0;    0;    0;    0;    0;    0;    0;24.9700;0.0000;    0;  109
2016-12-16 17:06:56;0.0000;211.2900;    0;    7;    0;    0;    0;    0;    0;24.5200;0.0000;    0;  111
2016-12-16 17:07:56;0.0000;211.2900;    0;    8;    0;    0;    0;    0;    0;24.1400;0.0000;    0;  117
2016-12-16 17:08:56;0.0000;211.2900;    0;    0;    0;    0;    0;    0;    0;23.4200;0.0000;    0;  116
2016-12-16 17:09:56;0.0000;211.2900;    0;    0;    0;    0;    0;    0;    0;23.3300;0.0000;    0;  115
2016-12-16 17:10:56;0.0000;211.2900;    0;    0;    0;    0;    0;    0;    0;24.0500;0.0000;    0;  114
2016-12-16 17:11:56;0.0000;211.2900;    0;    0;    0;    0;    0;    0;    0;23.9600;0.0000;    0;  113
2016-12-16 17:12:56;0.0000;211.2900;    0;    0;    0;    0;    0;    0;    0;23.6000;0.0000;    0;  112
2016-12-16 17:13:56;0.0000;211.2900;    0;    0;    0;    0;    0;    0;    0;23.5100;0.0000;    0;  111
2016-12-16 17:14:56;0.0000;211.2900;    0;    0;    0;    0;    0;    0;    0;23.6900;0.0000;    0;  110
2016-12-16 17:15:56;0.0000;211.2900;    0;    0;    0;    0;    0;    0;    0;23.5100;0.0000;    0;  109
2016-12-16 17:16:56;0.0000;211.2900;    0;    0;    0;    0;    0;    0;    0;23.6000;0.0000;    0;  108
2016-12-16 17:17:56;0.0000;211.2900;    0;    0;    0;    0;    0;    0;    0;23.5100;0.0000;    0;  107
2016-12-16 17:18:56;0.0000;211.2900;    0;    0;    0;    0;    0;    0;    0;23.6900;0.0000;    0;  106
2016-12-16 17:19:56;0.0000;211.2900;    0;    0;    0;    0;    0;    0;    0;24.0500;0.0000;    0;  105
2016-12-16 17:20:56;0.0000;211.2900;    0;    0;    0;    0;    0;    0;    0;23.8700;0.0000;    0;  104
2016-12-16 17:21:56;0.0000;211.2900;    0;    0;    0;    0;    0;    0;    0;24.2400;0.0000;    0;  103
2016-12-16 17:22:56;0.0000;211.2900;    0;    0;    0;    0;    0;    0;    0;23.6000;0.0000;    0;  102
2016-12-16 17:23:56;0.0000;211.2900;    0;    0;    0;    0;    0;    0;    0;23.6000;0.0000;    0;  101
2016-12-16 17:24:56;0.0000;211.2900;    0;    0;    0;    0;    0;    0;    0;23.3300;0.0000;    0;  100
2016-12-16 17:25:56;0.0000;211.2900;    0;    0;    0;    0;    0;    0;    0;23.0500;0.0000;    0;   99
2016-12-16 17:26:56;0.0000;211.2900;    0;    0;    0;    0;    0;    0;    0;23.1400;0.0000;    0;  102
2016-12-16 17:27:56;0.0000;211.2900;    0;    0;    0;    0;    0;    0;    0;22.6100;0.0000;    0;  101
2016-12-16 17:28:56;0.0000;211.2900;    0;    0;    0;    0;    0;    0;    0;22.2500;0.0000;    0;  100
2016-12-16 17:29:56;0.0000;211.2900;    0;    0;    0;    0;    0;    0;    0;22.2500;0.0000;    0;   99
2016-12-16 17:30:56;0.0000;211.2900;    0;    0;    0;    0;    0;    0;    0;22.1600;0.0000;    0;   98
2016-12-16 17:31:56;0.0000;211.2900;    0;    0;    0;    0;    0;    0;    0;22.1600;0.0000;    0;   97
2016-12-16 17:32:56;0.0000;211.2900;    0;    0;    0;    0;    0;    0;    0;22.1600;0.0000;    0;   96
2016-12-16 17:33:56;0.0000;211.2900;    0;    0;    0;    0;    0;    0;    0;22.3400;0.0000;    0;   95
2016-12-16 17:34:56;0.0000;211.2900;    0;    0;    0;    0;    0;    0;    0;22.8700;0.0000;    0;   98
2016-12-16 17:35:56;0.0000;211.2900;    0;    0;    0;    0;    0;    0;    0;22.3400;0.0000;    0;   97
2016-12-16 17:36:56;0.0000;211.2900;    0;    0;    0;    0;    0;    0;    0;22.2500;0.0000;    0;   96
2016-12-16 17:37:56;0.0000;211.2900;    0;    0;    0;    0;    0;    0;    0;22.2500;0.0000;    0;   95
2016-12-16 17:38:56;0.0000;211.2900;    0;    0;    0;    0;    0;    0;    0;22.7000;0.0000;    0;   94
2016-12-16 17:39:56;0.0000;211.2900;    0;    0;    0;    0;    0;    0;    0;22.5200;0.0000;    0;   93
2016-12-16 17:40:56;0.0000;211.2900;    0;    0;    0;    0;    0;    0;    0;22.7000;0.0000;    0;   93
2016-12-16 17:41:56;0.0000;211.2900;    0;    0;    0;    0;    0;    0;    0;23.0500;0.0000;    0;   94
2016-12-16 17:42:56;0.0000;211.2900;    0;    0;    0;    0;    0;    0;    0;22.4300;0.0000;    0;   93
2016-12-16 17:43:56;0.0000;211.2900;    0;    0;    0;    0;    0;    0;    0;22.4300;0.0000;    0;   92
2016-12-16 17:44:56;0.0000;211.2900;    0;    0;    0;    0;    0;    0;    0;22.3400;0.0000;    0;   91
2016-12-16 17:45:56;0.0000;211.2900;    0;    0;    0;    0;    0;    0;    0;22.4300;0.0000;    0;   90
2016-12-16 17:46:56;0.0000;211.2900;    0;    0;    0;    0;    0;    0;    0;22.2500;0.0000;    0;   89
2016-12-16 17:47:56;0.0000;211.2900;    0;    0;    0;    0;    0;    0;    0;22.4300;0.0000;    0;   88
2016-12-16 17:48:56;0.0000;211.2900;    0;    0;    0;    0;    0;    0;    0;22.6100;0.0000;    0;   87
2016-12-16 17:49:56;0.0000;211.2900;    0;    0;    0;    0;    0;    0;    0;22.1600;0.0000;    0;   87
2016-12-16 17:50:56;0.0000;211.2900;    0;    0;    0;    0;    0;    0;    0;21.9000;0.0000;    0;   87
2016-12-16 17:51:56;0.0000;211.2900;    0;    0;    0;    0;    0;    0;    0;21.8100;0.0000;    0;   86
2016-12-16 17:52:56;0.0000;211.2900;    0;    0;    0;    0;    0;    0;    0;22.1600;0.0000;    0;   85
2016-12-16 17:53:56;0.0000;211.2900;    0;    0;    0;    0;    0;    0;    0;22.8700;0.0000;    0;   84
2016-12-16 17:54:56;0.0000;211.2900;    0;    0;    0;    0;    0;    0;    0;22.8700;0.0000;    0;   83
2016-12-16 17:55:56;0.0000;211.2900;    0;    0;    0;    0;    0;    0;    0;22.4300;0.0000;    0;   82
2016-12-16 17:56:56;0.0000;211.2900;    0;    0;    0;    0;    0;    0;    0;22.7000;0.0000;    0;   81
2016-12-16 17:57:56;0.0000;211.2900;    0;    0;    0;    0;    0;    0;    0;22.5200;0.0000;    0;   80
2016-12-16 17:58:56;0.0000;211.2900;    0;    0;    0;    0;    0;    0;    0;22.7000;0.0000;    0;   79
2016-12-16 17:59:56;0.0000;211.2900;    0;    0;    0;    0;    0;    0;    0;22.9600;0.0000;    0;   78
2016-12-16 18:00:56;0.0000;211.2900;    0;    0;    0;    0;    0;    0;    0;23.0500;0.0000;    0;   77
2016-12-16 18:01:56;0.0000;211.2900;    0;    0;    0;    0;    0;    0;    0;23.3300;0.0000;    0;   76
2016-12-16 18:02:56;0.0000;211.2900;    0;    0;    0;    0;    0;    0;    0;23.4200;0.0000;    0;   75
2016-12-16 18:03:56;0.0000;211.2900;    0;    0;    0;    0;    0;    0;    0;23.6000;0.0000;    0;   74
2016-12-16 18:04:56;0.0000;211.2900;    0;    0;    0;    0;    0;    0;    0;23.1400;0.0000;    0;   73
2016-12-16 18:05:56;0.0000;211.2900;    0;    0;    0;    0;    0;    0;    0;22.7900;0.0000;    0;   72
2016-12-16 18:06:56;0.0000;211.2900;    0;    0;    0;    0;    0;    0;    0;22.7900;0.0000;    0;   71
2016-12-16 18:07:56;0.0000;211.2900;    0;    0;    0;    0;    0;    0;    0;23.2400;0.0000;    0;   70
2016-12-16 18:08:56;0.0000;211.2900;    0;    0;    0;    0;    0;    0;    0;22.9600;0.0000;    0;   69
2016-12-16 18:09:56;0.0000;211.2900;    0;    0;    0;    0;    0;    0;    0;22.6100;0.0000;    0;   68
2016-12-16 18:10:56;0.0000;211.2900;    0;    0;    0;    0;    0;    0;    0;22.5200;0.0000;    0;   67
2016-12-16 18:11:56;0.0000;211.2900;    0;    0;    0;    0;    0;    0;    0;21.9000;0.0000;    0;   66
2016-12-16 18:12:56;0.0000;211.2900;    0;    0;    0;    0;    0;    0;    0;21.6400;0.0000;    0;   65
2016-12-16 18:13:56;0.0000;211.2900;    0;    0;    0;    0;    0;    0;    0;21.7200;0.0000;    0;   65
2016-12-16 18:14:56;0.0000;211.2900;    0;    0;    0;    0;    0;    0;    0;21.4600;0.0000;    0;   64
2016-12-16 18:15:56;0.0000;211.2900;    0;    0;    0;    0;    0;    0;    0;21.5500;0.0000;    0;   63
2016-12-16 18:16:56;0.0000;211.2900;    0;    0;    0;    0;    0;    0;    0;21.9800;0.0000;    0;   62
2016-12-16 18:17:56;0.0000;211.2900;    0;    0;    0;    0;    0;    0;    0;22.4300;0.0000;    0;   61
2016-12-16 18:18:56;0.0000;211.2900;    0;    0;    0;    0;    0;    0;    0;22.2500;0.0000;    0;   60
2016-12-16 18:19:56;0.0000;211.2900;    0;    0;    0;    0;    0;    0;    0;22.1600;0.0000;    0;   59
2016-12-16 18:20:56;0.0000;211.2900;    0;    0;    0;    0;    0;    0;    0;22.2500;0.0000;    0;   58
2016-12-16 18:21:56;0.0000;211.2900;    0;    0;    0;    0;    0;    0;    0;22.5200;0.0000;    0;   57
2016-12-16 18:22:56;0.0000;211.2900;    0;    0;    0;    0;    0;    0;    0;22.4300;0.0000;    0;   56
2016-12-16 18:23:56;0.0000;211.2900;    0;    0;    0;    0;    0;    0;    0;22.2500;0.0000;    0;   55
2016-12-16 18:24:56;0.0000;211.2900;    0;    0;    0;    0;    0;    0;    0;22.4300;0.0000;    0;   54
2016-12-16 18:25:56;0.0000;211.2900;    0;    0;    0;    0;    0;    0;    0;22.3400;0.0000;    0;   53
2016-12-16 18:26:56;0.0000;211.2900;    0;    0;    0;    0;    0;    0;    0;22.1600;0.0000;    0;   52
2016-12-16 18:27:56;0.0000;211.2900;    0;    0;    0;    0;    0;    0;    0;22.2500;0.0000;    0;   51
2016-12-16 18:28:56;0.0000;211.2900;    0;    0;    0;    0;    0;    0;    0;22.3400;0.0000;    0;   50
2016-12-16 18:29:56;0.0000;211.2900;    0;    0;    0;    0;    0;    0;    0;21.8100;0.0000;    0;   49
2016-12-16 18:30:56;0.0000;211.2900;    0;    0;    0;    0;    0;    0;    0;21.8100;0.0000;    0;   48
2016-12-16 18:31:56;0.0000;211.2900;    0;    0;    0;    0;    0;    0;    0;21.4600;0.0000;    0;   47
2016-12-16 18:32:56;0.0000;211.2900;    0;    0;    0;    0;    0;    0;    0;21.2900;0.0000;    0;   46
2016-12-16 18:33:56;0.0000;211.2900;    0;    0;    0;    0;    0;    0;    0;21.1100;0.0000;    0;   45
2016-12-16 18:34:56;0.0000;211.2900;    0;    0;    0;    0;    0;    0;    0;21.2900;0.0000;    0;   44
2016-12-16 18:35:56;0.0000;211.2900;    0;    0;    0;    0;    0;    0;    0;21.2900;0.0000;    0;   43
2016-12-16 18:36:56;0.0000;211.2900;    0;    0;    0;    0;    0;    0;    0;21.2000;0.0000;    0;   42
2016-12-16 18:37:56;0.0000;211.2900;    0;    0;    0;    0;    0;    0;    0;21.1100;0.0000;    0;   41
2016-12-16 18:38:56;0.0000;211.2900;    0;    0;    0;    0;    0;    0;    0;21.1100;0.0000;    0;   40
2016-12-16 18:39:56;0.0000;211.2900;    0;    0;    0;    0;    0;    0;    0;21.0200;0.0000;    0;   39
2016-12-16 18:40:56;0.0000;211.2900;    0;    0;    0;    0;    0;    0;    0;20.9300;0.0000;    0;   38
2016-12-16 18:41:56;0.0000;211.2900;    0;    0;    0;    0;    0;    0;    0;20.9300;0.0000;    0;   37
2016-12-16 18:42:56;0.0000;211.2900;    0;    0;    0;    0;    0;    0;    0;20.9300;0.0000;    0;   37
2016-12-16 18:43:56;0.0000;211.2900;    0;    0;    0;    0;    0;    0;    0;20.9300;0.0000;    0;   36
2016-12-16 18:44:56;0.0000;211.2900;    0;    0;    0;    0;    0;    0;    0;20.8500;0.0000;    0;   35
2016-12-16 18:45:56;0.0000;211.2900;    0;    0;    0;    0;    0;    0;    0;20.8500;0.0000;    0;   34
2016-12-16 18:46:56;0.0000;211.2900;    0;    0;    0;    0;    0;    0;    0;21.0200;0.0000;    0;   33
2016-12-16 18:47:56;0.0000;211.2900;    0;    0;    0;    0;    0;    0;    0;21.5500;0.0000;    0;   32
2016-12-16 18:48:56;0.0000;211.2900;    0;    0;    0;    0;    0;    0;    0;21.3700;0.0000;    0;   31
2016-12-16 18:49:56;0.0000;211.2900;    0;    0;    0;    0;    0;    0;    0;21.4600;0.0000;    0;   31
2016-12-16 18:50:56;0.0000;211.2900;    0;    0;    0;    0;    0;    0;    0;21.2000;0.0000;    0;   30
2016-12-16 18:51:56;0.0000;211.2900;    0;    0;    0;    0;    0;    0;    0;21.1100;0.0000;    0;   29
2016-12-16 18:52:56;0.0000;211.2900;    0;    0;    0;    0;    0;    0;    0;21.1100;0.0000;    0;   28
2016-12-16 18:53:56;0.0000;211.2900;    0;    0;    0;    0;    0;    0;    0;21.2000;0.0000;    0;   27
2016-12-16 18:54:56;0.0000;211.2900;    0;    0;    0;    0;    0;    0;    0;21.5500;0.0000;    0;   26
2016-12-16 18:55:56;0.0000;211.2900;    0;    0;    0;    0;    0;    0;    0;21.3700;0.0000;    0;   26
2016-12-16 18:56:56;0.0000;211.2900;    0;    0;    0;    0;    0;    0;    0;21.6400;0.0000;    0;   25
2016-12-16 18:57:56;0.0000;211.2900;    0;    0;    0;    0;    0;    0;    0;21.6400;0.0000;    0;   24
2016-12-16 18:58:56;0.0000;211.2900;    0;    0;    0;    0;    0;    0;    0;21.9000;0.0000;    0;   23
2016-12-16 18:59:56;0.0000;211.2900;    0;    0;    0;    0;    0;    0;    0;21.5500;0.0000;    0;   22
2016-12-16 19:00:56;0.0000;211.2900;    0;    0;    0;    0;    0;    0;    0;21.2000;0.0000;    0;   21
2016-12-16 19:01:56;0.0000;211.2900;    0;    0;    0;    0;    0;    0;    0;21.3700;0.0000;    0;   20
2016-12-16 19:02:56;0.0000;211.2900;    0;    0;    0;    0;    0;    0;    0;21.0200;0.0000;    0;   19
2016-12-16 19:03:56;0.0000;211.2900;    0;    0;    0;    0;    0;    0;    0;20.7600;0.0000;    0;   18
2016-12-16 19:04:56;0.0000;211.2900;    0;    0;    0;    0;    0;    0;    0;20.5100;0.0000;    0;   17
2016-12-16 19:05:56;0.0000;211.2900;    0;    0;    0;    0;    0;    0;    0;20.4200;0.0000;    0;   16
2016-12-16 19:06:56;0.0000;211.2900;    0;    0;    0;    0;    0;    0;    0;20.4200;0.0000;    0;   15
2016-12-16 19:07:56;0.0000;211.2900;    0;    0;    0;    0;    0;    0;    0;20.3300;0.0000;    0;   14
2016-12-16 19:08:56;0.0000;211.2900;    0;    0;    0;    0;    0;    0;    0;20.3300;0.0000;    0;   13
2016-12-16 19:09:56;0.0000;211.2900;    0;    0;    0;    0;    0;    0;    0;20.2500;0.0000;    0;   12
2016-12-16 19:10:56;0.0000;211.2900;    0;    0;    0;    0;    0;    0;    0;20.4200;0.0000;    0;   11
2016-12-16 19:11:56;0.0000;211.2900;    0;    0;    0;    0;    0;    0;    0;20.3300;0.0000;    0;   10
2016-12-16 19:12:56;0.0000;211.2900;    0;    0;    0;    0;    0;    0;    0;20.3300;0.0000;    0;    9
2016-12-16 19:13:56;0.0000;211.2900;    0;    0;    0;    0;    0;    0;    0;20.2500;0.0000;    0;    8
2016-12-16 19:14:56;0.0000;211.2900;    0;    0;    0;    0;    0;    0;    0;20.1600;0.0000;    0;    7
2016-12-16 19:15:56;0.0000;211.2900;    0;    0;    0;    0;    0;    0;    0;20.1600;0.0000;    0;    6
2016-12-16 19:16:56;0.0000;211.2900;    0;    0;    0;    0;    0;    0;    0;20.0700;0.0000;    0;    5
2016-12-16 19:17:56;0.0000;211.2900;    0;    0;    0;    0;    0;    0;    0;19.9900;0.0000;    0;    4
2016-12-16 19:18:56;0.0000;211.2900;    0;    0;    0;    0;    0;    0;    0;19.9900;0.0000;    0;    3
2016-12-16 19:19:56;0.0000;211.2900;    0;    0;    0;    0;    0;    0;    0;20.0700;0.0000;    0;    2
2016-12-16 19:20:56;0.0000;211.2900;    0;    0;    0;    0;    0;    0;    0;20.0700;0.0000;    0;    3
2016-12-16 19:21:56;0.0000;211.2900;    0;    0;    0;    0;    0;    0;    0;19.9900;0.0000;    0;    2
2016-12-16 19:22:56;0.0000;211.2900;    0;    0;    0;    0;    0;    0;    0;19.9000;0.0000;    0;    1
2016-12-16 19:23:56;0.0000;211.2900;    0;    0;    0;    0;    0;    0;    0;19.9900;0.0000;    0;    0
2016-12-16 19:24:56;0.0000;211.2900;    0;    0;    0;    0;    0;    0;    0;19.9000;0.0000;    0;    0
2016-12-16 19:25:56;0.0000;211.2900;    0;    0;    0;    0;    0;    0;    0;19.9900;0.0000;    0;    0
2016-12-16 19:26:56;0.0000;211.2900;    0;    0;    0;    0;    0;    0;    0;19.9000;0.0000;    0;    0
2016-12-16 19:27:56;0.0000;211.2900;    0;    0;    0;    0;    0;    0;    0;19.9000;0.0000;    0;    0
2016-12-16 19:28:56;0.0000;211.2900;    0;    0;    0;    0;    0;    0;    0;19.8200;0.0000;    0;    0
2016-12-16 19:29:56;0.0000;211.2900;    0;    0;    0;    0;    0;    0;    0;19.8200;0.0000;    0;    0
2016-12-16 19:30:56;0.0000;211.2900;    0;    0;    0;    0;    0;    0;    0;19.8200;0.0000;    0;    0
2016-12-16 19:31:56;0.0000;211.2900;    0;    0;    0;    0;    0;    0;    0;19.9000;0.0000;    0;    0
2016-12-16 19:32:56;0.0000;211.2900;    0;    0;    0;    0;    0;    0;    0;19.8200;0.0000;    0;    0
2016-12-16 19:33:56;0.0000;211.2900;    0;    0;    0;    0;    0;    0;    0;19.7400;0.0000;    0;    0
2016-12-16 19:34:56;0.0000;211.2900;    0;    0;    0;    0;    0;    0;    0;19.7400;0.0000;    0;    0
2016-12-16 19:35:56;0.0000;211.2900;    0;    0;    0;    0;    0;    0;    0;19.7400;0.0000;    0;    0
2016-12-16 19:36:56;0.0000;211.2900;    0;    0;    0;    0;    0;    0;    0;19.7400;0.0000;    0;    0
2016-12-16 19:37:56;0.0000;211.2900;    0;    0;    0;    0;    0;    0;    0;19.7400;0.0000;    0;    0
2016-12-16 19:38:56;0.0000;211.2900;    0;    0;    0;    0;    0;    0;    0;19.8200;0.0000;    0;    0
2016-12-16 19:39:56;0.0000;211.2900;    0;    0;    0;    0;    0;    0;    0;19.6500;0.0000;    0;    0
2016-12-16 19:40:56;0.0000;211.2900;    0;    0;    0;    0;    0;    0;    0;19.7400;0.0000;    0;    0
2016-12-16 19:41:56;0.0000;211.2900;    0;    0;    0;    0;    0;    0;    0;19.5700;0.0000;    0;    0
2016-12-16 19:42:56;0.0000;211.2900;    0;    0;    0;    0;    0;    0;    0;19.5700;0.0000;    0;    1
2016-12-16 19:43:56;0.0000;211.2900;    0;    0;    0;    0;    0;    0;    0;19.5700;0.0000;    0;    0
2016-12-16 19:44:56;0.0000;211.2900;    0;    0;    0;    0;    0;    0;    0;19.5700;0.0000;    0;    0
2016-12-16 19:45:56;0.0000;211.2900;    0;    0;    0;    0;    0;    0;    0;19.6500;0.0000;    0;    1
2016-12-16 19:46:56;0.0000;211.2900;    0;    0;    0;    0;    0;    0;    0;19.6500;0.0000;    0;    0
2016-12-16 19:47:56;0.0000;211.2900;    0;    0;    0;    0;    0;    0;    0;19.5700;0.0000;    0;    0
2016-12-16 19:48:56;0.0000;211.2900;    0;    0;    0;    0;    0;    0;    0;19.5700;0.0000;    0;    0
2016-12-16 19:49:56;0.0000;211.2900;    0;    0;    0;    0;    0;    0;    0;19.4800;0.0000;    0;    0
2016-12-16 19:50:56;0.0000;211.2900;    0;    0;    0;    0;    0;    0;    0;19.4800;0.0000;    0;    1
2016-12-16 19:51:56;0.0000;211.2900;    0;    0;    0;    0;    0;    0;    0;19.5700;0.0000;    0;    1
2016-12-16 19:52:56;0.0000;211.2900;    0;    0;    0;    0;    0;    0;    0;19.4800;0.0000;    0;    0
2016-12-16 19:53:56;0.0000;211.2900;    0;    0;    0;    0;    0;    0;    0;19.5700;0.0000;    0;    2
2016-12-16 19:54:56;0.0000;211.2900;    0;    0;    0;    0;    0;    0;    0;19.4800;0.0000;    0;    1
2016-12-16 19:55:56;0.0000;211.2900;    0;    0;    0;    0;    0;    0;    0;19.5700;0.0000;    0;    2
2016-12-16 19:56:56;0.0000;211.2900;    0;    0;    0;    0;    0;    0;    0;19.4800;0.0000;    0;    1
2016-12-16 19:57:58;0.0000;211.2900;    0;    0;    0;    0;    0;    0;    0;19.4800;0.0000;    0;    0
2016-12-16 19:58:58;0.0000;211.2900;    0;    0;    0;    0;    0;    0;    0;19.4000;0.0000;    0;    0
2016-12-16 19:59:58;0.0000;211.2900;    0;    0;    0;    0;    0;    0;    0;19.4800;0.0000;    0;    0
2016-12-16 20:00:58;0.0000;211.2900;    0;    0;    0;    0;    0;    0;    0;19.3100;0.0000;    0;    2
2016-12-16 20:01:58;0.0000;211.2900;    0;    0;    0;    0;    0;    0;    0;19.3100;0.0000;    0;    2
2016-12-16 20:02:58;0.0000;211.2900;    0;    0;    0;    0;    0;    0;    0;19.3100;0.0000;    0;    2
2016-12-16 20:03:58;0.0000;211.2900;    0;    0;    0;    0;    0;    0;    0;19.4000;0.0000;    0;    1
2016-12-16 20:04:58;0.0000;211.2900;    0;    0;    0;    0;    0;    0;    0;19.4000;0.0000;    0;    0
2016-12-16 20:05:58;0.0000;211.2900;    0;    0;    0;    0;    0;    0;    0;19.4000;0.0000;    0;    0
2016-12-16 20:06:56;0.0000;211.2900;    0;    0;    0;    0;    0;    0;    0;19.4000;0.0000;    0;    0
2016-12-16 20:07:56;0.0000;211.2900;    0;    0;    0;    0;    0;    0;    0;19.4000;0.0000;    0;    0
2016-12-16 20:08:56;0.0000;211.2900;    0;    0;    0;    0;    0;    0;    0;19.3100;0.0000;    0;    0
2016-12-16 20:09:56;0.0000;211.2900;    0;    0;    0;    0;    0;    0;    0;19.3100;0.0000;    0;    0
2016-12-16 20:10:56;0.0000;211.2900;    0;    0;    0;    0;    0;    0;    0;19.3100;0.0000;    0;    0
2016-12-16 20:11:56;0.0000;211.2900;    0;    0;    0;    0;    0;    0;    0;19.3100;0.0000;    0;    0
2016-12-16 20:12:56;0.0000;211.2900;    0;    0;    0;    0;    0;    0;    0;19.3100;0.0000;    0;    0
2016-12-16 20:13:56;0.0000;211.2900;    0;    0;    0;    0;    0;    0;    0;19.3100;0.0000;    0;    0
2016-12-16 20:14:56;0.0000;211.2900;    0;    0;    0;    0;    0;    0;    0;19.4000;0.0000;    0;    0
2016-12-16 20:15:56;0.0000;211.2900;    0;    0;    0;    0;    0;    0;    0;19.4000;0.0000;    0;    0
2016-12-16 20:16:56;0.0000;211.2900;    0;    0;    0;    0;    0;    0;    0;19.3100;0.0000;    0;    1
2016-12-16 20:17:56;0.0000;211.2900;    0;    0;    0;    0;    0;    0;    0;19.3100;0.0000;    0;    0
2016-12-16 20:18:56;0.0000;211.2900;    0;    0;    0;    0;    0;    0;    0;19.4000;0.0000;    0;    0
2016-12-16 20:19:56;0.0000;211.2900;    0;    0;    0;    0;    0;    0;    0;19.4800;0.0000;    0;    0
2016-12-16 20:20:56;0.0000;211.2900;    0;    0;    0;    0;    0;    0;    0;19.4000;0.0000;    0;    0
2016-12-16 20:21:56;0.0000;211.2900;    0;    0;    0;    0;    0;    0;    0;19.4000;0.0000;    0;    0
2016-12-16 20:22:56;0.0000;211.2900;    0;    0;    0;    0;    0;    0;    0;19.4000;0.0000;    0;    0
2016-12-16 20:23:56;0.0000;211.2900;    0;    0;    0;    0;    0;    0;    0;19.4000;0.0000;    0;    0
2016-12-16 20:24:56;0.0000;211.2900;    0;    0;    0;    0;    0;    0;    0;19.4000;0.0000;    0;    0
2016-12-16 20:25:56;0.0000;211.2900;    0;    0;    0;    0;    0;    0;    0;19.4000;0.0000;    0;    0
2016-12-16 20:26:56;0.0000;211.2900;    0;    0;    0;    0;    0;    0;    0;19.4000;0.0000;    0;    0
2016-12-16 20:27:56;0.0000;211.2900;    0;    0;    0;    0;    0;    0;    0;19.4000;0.0000;    0;    0
2016-12-16 20:28:56;0.0000;211.2900;    0;    0;    0;    0;    0;    0;    0;19.4000;0.0000;    0;    0
2016-12-16 20:29:56;0.0000;211.2900;    0;    0;    0;    0;    0;    0;    0;19.4000;0.0000;    0;    0
2016-12-16 20:30:56;0.0000;211.2900;    0;    0;    0;    0;    0;    0;    0;19.3100;0.0000;    0;    0
2016-12-16 20:31:56;0.0000;211.2900;    0;    0;    0;    0;    0;    0;    0;19.3100;0.0000;    0;    0
2016-12-16 20:32:56;0.0000;211.2900;    0;    0;    0;    0;    0;    0;    0;19.3100;0.0000;    0;    0
2016-12-16 20:33:56;0.0000;211.2900;    0;    0;    0;    0;    0;    0;    0;19.3100;0.0000;    0;    0
2016-12-16 20:34:56;0.0000;211.2900;    0;    0;    0;    0;    0;    0;    0;19.4000;0.0000;    0;    0
2016-12-16 20:35:56;0.0000;211.2900;    0;    0;    0;    0;    0;    0;    0;19.4000;0.0000;    0;    0
2016-12-16 20:36:56;0.0000;211.2900;    0;    0;    0;    0;    0;    0;    0;19.4000;0.0000;    0;    0
2016-12-16 20:37:56;0.0000;211.2900;    0;    0;    0;    0;    0;    0;    0;19.3100;0.0000;    0;    0
2016-12-16 20:38:56;0.0000;211.2900;    0;    0;    0;    0;    0;    0;    0;19.4000;0.0000;    0;    0
2016-12-16 20:39:56;0.0000;211.2900;    0;    0;    0;    0;    0;    0;    0;19.4000;0.0000;    0;    0
2016-12-16 20:40:56;0.0000;211.2900;    0;    0;    0;    0;    0;    0;    0;19.4000;0.0000;    0;    0
2016-12-16 20:41:56;0.0000;211.2900;    0;    0;    0;    0;    0;    0;    0;19.4000;0.0000;    0;    0
2016-12-16 20:42:56;0.0000;211.2900;    0;    0;    0;    0;    0;    0;    0;19.4000;0.0000;    0;    1
2016-12-16 20:43:56;0.0000;211.2900;    0;    0;    0;    0;    0;    0;    0;19.4000;0.0000;    0;    0
2016-12-16 20:44:56;0.0000;211.2900;    0;    0;    0;    0;    0;    0;    0;19.4000;0.0000;    0;    0
2016-12-16 20:45:56;0.0000;211.2900;    0;    0;    0;    0;    0;    0;    0;19.4000;0.0000;    0;    0
2016-12-16 20:46:56;0.0000;211.2900;    0;    0;    0;    0;    0;    0;    0;19.4000;0.0000;    0;    0
2016-12-16 20:47:56;0.0000;211.2900;    0;    0;    0;    0;    0;    0;    0;19.3100;0.0000;    0;    0
2016-12-16 20:48:56;0.0000;211.2900;    0;    0;    0;    0;    0;    0;    0;19.4000;0.0000;    0;    0
2016-12-16 20:49:56;0.0000;211.2900;    0;    0;    0;    0;    0;    0;    0;19.4000;0.0000;    0;    0
2016-12-16 20:50:56;0.0000;211.2900;    0;    0;    0;    0;    0;    0;    0;19.4000;0.0000;    0;    1
2016-12-16 20:51:56;0.0000;211.2900;    0;    0;    0;    0;    0;    0;    0;19.4000;0.0000;    0;    1
2016-12-16 20:52:56;0.0000;211.2900;    0;    0;    0;    0;    0;    0;    0;19.4000;0.0000;    0;    0
2016-12-16 20:53:56;0.0000;211.2900;    0;    0;    0;    0;    0;    0;    0;19.4000;0.0000;    0;    0
2016-12-16 20:54:56;0.0000;211.2900;    0;    0;    0;    0;    0;    0;    0;19.4800;0.0000;    0;    0
2016-12-16 20:55:56;0.0000;211.2900;    0;    0;    0;    0;    0;    0;    0;19.4000;0.0000;    0;    0
2016-12-16 20:56:56;0.0000;211.2900;    0;    0;    0;    0;    0;    0;    0;19.4000;0.0000;    0;    0
2016-12-16 20:57:56;0.0000;211.2900;    0;    0;    0;    0;    0;    0;    0;19.3100;0.0000;    0;    0
2016-12-16 20:58:56;0.0000;211.2900;    0;    0;    0;    0;    0;    0;    0;19.4000;0.0000;    0;    0
2016-12-16 20:59:56;0.0000;211.2900;    0;    0;    0;    0;    0;    0;    0;19.4000;0.0000;    0;    0
2016-12-16 21:00:56;0.0000;211.2900;    0;    0;    0;    0;    0;    0;    0;19.4000;0.0000;    0;    0
2016-12-16 21:01:56;0.0000;211.2900;    0;    0;    0;    0;    0;    0;    0;19.4000;0.0000;    0;    0
2016-12-16 21:02:56;0.0000;211.2900;    0;    0;    0;    0;    0;    0;    0;19.4000;0.0000;    0;    0
2016-12-16 21:03:56;0.0000;211.2900;    0;    0;    0;    0;    0;    0;    0;19.4000;0.0000;    0;    0
2016-12-16 21:04:56;0.0000;211.2900;    0;    0;    0;    0;    0;    0;    0;19.4000;0.0000;    0;    0
2016-12-16 21:05:56;0.0000;211.2900;    0;    0;    0;    0;    0;    0;    0;19.4800;0.0000;    0;    0
2016-12-16 21:06:56;0.0000;211.2900;    0;    0;    0;    0;    0;    0;    0;19.4800;0.0000;    0;    0
2016-12-16 21:07:56;0.0000;211.2900;    0;    0;    0;    0;    0;    0;    0;19.4800;0.0000;    0;    0
2016-12-16 21:08:56;0.0000;211.2900;    0;    0;    0;    0;    0;    0;    0;19.4000;0.0000;    0;    0
2016-12-16 21:09:56;0.0000;211.2900;    0;    0;    0;    0;    0;    0;    0;19.4000;0.0000;    0;    0
2016-12-16 21:10:56;0.0000;211.2900;    0;    0;    0;    0;    0;    0;    0;19.4000;0.0000;    0;    0
2016-12-16 21:11:56;0.0000;211.2900;    0;    0;    0;    0;    0;    0;    0;19.4000;0.0000;    0;    0
2016-12-16 21:12:56;0.0000;211.2900;    0;    0;    0;    0;    0;    0;    0;19.4000;0.0000;    0;    0
2016-12-16 21:13:56;0.0000;211.2900;    0;    0;    0;    0;    0;    0;    0;19.4000;0.0000;    0;    0
2016-12-16 21:14:56;0.0000;211.2900;    0;    0;    0;    0;    0;    0;    0;19.4000;0.0000;    0;    0
2016-12-16 21:15:56;0.0000;211.2900;    0;    0;    0;    0;    0;    0;    0;19.3100;0.0000;    0;    0
2016-12-16 21:16:56;0.0000;211.2900;    0;    0;    0;    0;    0;    0;    0;19.4000;0.0000;    0;    0
2016-12-16 21:17:56;0.0000;211.2900;    0;    0;    0;    0;    0;    0;    0;19.4000;0.0000;    0;    0
2016-12-16 21:18:56;0.0000;211.2900;    0;    0;    0;    0;    0;    0;    0;19.4000;0.0000;    0;    4
2016-12-16 21:19:56;0.0000;211.2900;    0;    0;    0;    0;    0;    0;    0;19.4000;0.0000;    0;    3
2016-12-16 21:20:56;0.0000;211.2900;    0;    0;    0;    0;    0;    0;    0;19.4000;0.0000;    0;    2
2016-12-16 21:21:56;0.0000;211.2900;    0;    0;    0;    0;    0;    0;    0;19.4000;0.0000;    0;    1
2016-12-16 21:22:56;0.0000;211.2900;    0;    0;    0;    0;    0;    0;    0;19.3100;0.0000;    0;    0
2016-12-16 21:23:56;0.0000;211.2900;    0;    0;    0;    0;    0;    0;    0;19.3100;0.0000;    0;    0
2016-12-16 21:24:56;0.0000;211.2900;    0;    0;    0;    0;    0;    0;    0;19.4000;0.0000;    0;    0
2016-12-16 21:25:56;0.0000;211.2900;    0;    0;    0;    0;    0;    0;    0;19.4000;0.0000;    0;    0
2016-12-16 21:26:56;0.0000;211.2900;    0;    0;    0;    0;    0;    0;    0;19.4000;0.0000;    0;    0
2016-12-16 21:27:56;0.0000;211.2900;    0;    0;    0;    0;    0;    0;    0;19.4000;0.0000;    0;    0
2016-12-16 21:28:56;0.0000;211.2900;    0;    0;    0;    0;    0;    0;    0;19.4000;0.0000;    0;    0
2016-12-16 21:29:56;0.0000;211.2900;    0;    0;    0;    0;    0;    0;    0;19.4000;0.0000;    0;    0
2016-12-16 21:30:56;0.0000;211.2900;    0;    0;    0;    0;    0;    0;    0;19.4000;0.0000;    0;    0
2016-12-16 21:31:56;0.0000;211.2900;    0;    0;    0;    0;    0;    0;    0;19.4000;0.0000;    0;    0
2016-12-16 21:32:56;0.0000;211.2900;    0;    0;    0;    0;    0;    0;    0;19.4000;0.0000;    0;    0
2016-12-16 21:33:56;0.0000;211.2900;    0;    0;    0;    0;    0;    0;    0;19.4000;0.0000;    0;    0
2016-12-16 21:34:56;0.0000;211.2900;    0;    0;    0;    0;    0;    0;    0;19.3100;0.0000;    0;    0
2016-12-16 21:35:56;0.0000;211.2900;    0;    0;    0;    0;    0;    0;    0;19.4000;0.0000;    0;    0
2016-12-16 21:36:56;0.0000;211.2900;    0;    0;    0;    0;    0;    0;    0;19.4000;0.0000;    0;    0
2016-12-16 21:37:56;0.0000;211.2900;    0;    0;    0;    0;    0;    0;    0;19.4000;0.0000;    0;    0
2016-12-16 21:38:56;0.0000;211.2900;    0;    0;    0;    0;    0;    0;    0;19.3100;0.0000;    0;    0
2016-12-16 21:39:56;0.0000;211.2900;    0;    0;    0;    0;    0;    0;    0;19.3100;0.0000;    0;    0
2016-12-16 21:40:56;0.0000;211.2900;    0;    0;    0;    0;    0;    0;    0;19.4000;0.0000;    0;    0
2016-12-16 21:41:56;0.0000;211.2900;    0;    0;    0;    0;    0;    0;    0;19.3100;0.0000;    0;    0
2016-12-16 21:42:56;0.0000;211.2900;    0;    0;    0;    0;    0;    0;    0;19.4000;0.0000;    0;    0
2016-12-16 21:43:56;0.0000;211.2900;    0;    0;    0;    0;    0;    0;    0;19.4000;0.0000;    0;    0
2016-12-16 21:44:56;0.0000;211.2900;    0;    0;    0;    0;    0;    0;    0;19.4000;0.0000;    0;    0
2016-12-16 21:45:56;0.0000;211.2900;    0;    0;    0;    0;    0;    0;    0;19.4000;0.0000;    0;    0
2016-12-16 21:46:56;0.0000;211.2900;    0;    0;    0;    0;    0;    0;    0;19.4800;0.0000;    0;    0
2016-12-16 21:47:56;0.0000;211.2900;    0;    0;    0;    0;    0;    0;    0;19.4000;0.0000;    0;    0
2016-12-16 21:48:56;0.0000;211.2900;    0;    0;    0;    0;    0;    0;    0;19.3100;0.0000;    0;    0
2016-12-16 21:49:56;0.0000;211.2900;    0;    0;    0;    0;    0;    0;    0;19.4000;0.0000;    0;    0
2016-12-16 21:50:56;0.0000;211.2900;    0;    0;    0;    0;    0;    0;    0;19.3100;0.0000;    0;    0
2016-12-16 21:51:56;0.0000;211.2900;    0;    0;    0;    0;    0;    0;    0;19.3100;0.0000;    0;    0
2016-12-16 21:52:56;0.0000;211.2900;    0;    0;    0;    0;    0;    0;    0;19.3100;0.0000;    0;    0
2016-12-16 21:53:56;0.0000;211.2900;    0;    0;    0;    0;    0;    0;    0;19.3100;0.0000;    0;    0
2016-12-16 21:54:56;0.0000;211.2900;    0;    0;    0;    0;    0;    0;    0;19.4000;0.0000;    0;    0
2016-12-16 21:55:56;0.0000;211.2900;    0;    0;    0;    0;    0;    0;    0;19.4000;0.0000;    0;    0
2016-12-16 21:56:56;0.0000;211.2900;    0;    0;    0;    0;    0;    0;    0;19.4000;0.0000;    0;    0
2016-12-16 21:57:56;0.0000;211.2900;    0;    0;    0;    0;    0;    0;    0;19.3100;0.0000;    0;    0
2016-12-16 21:58:56;0.0000;211.2900;    0;    0;    0;    0;    0;    0;    0;19.4000;0.0000;    0;    0
2016-12-16 21:59:56;0.0000;211.2900;    0;    0;    0;    0;    0;    0;    0;19.4000;0.0000;    0;    0
2016-12-16 22:00:56;0.0000;211.2900;    0;    0;    0;    0;    0;    0;    0;19.4000;0.0000;    0;    0
2016-12-16 22:01:56;0.0000;211.2900;    0;    0;    0;    0;    0;    0;    0;19.3100;0.0000;    0;    0
2016-12-16 22:02:56;0.0000;211.2900;    0;    0;    0;    0;    0;    0;    0;19.3100;0.0000;    0;    0
2016-12-16 22:03:56;0.0000;211.2900;    0;    0;    0;    0;    0;    0;    0;19.4000;0.0000;    0;    0
2016-12-16 22:04:56;0.0000;211.2900;    0;    0;    0;    0;    0;    0;    0;19.3100;0.0000;    0;    0
2016-12-16 22:05:56;0.0000;211.2900;    0;    0;    0;    0;    0;    0;    0;19.3100;0.0000;    0;    0
2016-12-16 22:06:56;0.0000;211.2900;    0;    0;    0;    0;    0;    0;    0;19.3100;0.0000;    0;    0
2016-12-16 22:07:56;0.0000;211.2900;    0;    0;    0;    0;    0;    0;    0;19.3100;0.0000;    0;    0
2016-12-16 22:08:56;0.0000;211.2900;    0;    0;    0;    0;    0;    0;    0;19.3100;0.0000;    0;    0
2016-12-16 22:09:56;0.0000;211.2900;    0;    0;    0;    0;    0;    0;    0;19.3100;0.0000;    0;    0
2016-12-16 22:10:56;0.0000;211.2900;    0;    0;    0;    0;    0;    0;    0;19.3100;0.0000;    0;    0
2016-12-16 22:11:56;0.0000;211.2900;    0;    0;    0;    0;    0;    0;    0;19.4000;0.0000;    0;    0
2016-12-16 22:12:56;0.0000;211.2900;    0;    0;    0;    0;    0;    0;    0;19.4000;0.0000;    0;    0
2016-12-16 22:13:56;0.0000;211.2900;    0;    0;    0;    0;    0;    0;    0;19.3100;0.0000;    0;    0
2016-12-16 22:14:56;0.0000;211.2900;    0;    0;    0;    0;    0;    0;    0;19.4000;0.0000;    0;    1
2016-12-16 22:15:56;0.0000;211.2900;    0;    0;    0;    0;    0;    0;    0;19.3100;0.0000;    0;    0
2016-12-16 22:16:56;0.0000;211.2900;    0;    0;    0;    0;    0;    0;    0;19.4000;0.0000;    0;    0
2016-12-16 22:17:56;0.0000;211.2900;    0;    0;    0;    0;    0;    0;    0;19.4000;0.0000;    0;    2
2016-12-16 22:18:56;0.0000;211.2900;    0;    0;    0;    0;    0;    0;    0;19.3100;0.0000;    0;    1
2016-12-16 22:19:56;0.0000;211.2900;    0;    0;    0;    0;    0;    0;    0;19.3100;0.0000;    0;    0
2016-12-16 22:20:56;0.0000;211.2900;    0;    0;    0;    0;    0;    0;    0;19.3100;0.0000;    0;    0
2016-12-16 22:21:56;0.0000;211.2900;    0;    0;    0;    0;    0;    0;    0;19.2300;0.0000;    0;    0
2016-12-16 22:22:56;0.0000;211.2900;    0;    0;    0;    0;    0;    0;    0;19.3100;0.0000;    0;    0
2016-12-16 22:23:56;0.0000;211.2900;    0;    0;    0;    0;    0;    0;    0;19.3100;0.0000;    0;    0
2016-12-16 22:24:56;0.0000;211.2900;    0;    0;    0;    0;    0;    0;    0;19.3100;0.0000;    0;    0
2016-12-16 22:25:56;0.0000;211.2900;    0;    0;    0;    0;    0;    0;    0;19.3100;0.0000;    0;    0
2016-12-16 22:26:56;0.0000;211.2900;    0;    0;    0;    0;    0;    0;    0;19.3100;0.0000;    0;    0
2016-12-16 22:27:56;0.0000;211.2900;    0;    0;    0;    0;    0;    0;    0;19.2300;0.0000;    0;    0
2016-12-16 22:28:56;0.0000;211.2900;    0;    0;    0;    0;    0;    0;    0;19.3100;0.0000;    0;    0
2016-12-16 22:29:56;0.0000;211.2900;    0;    0;    0;    0;    0;    0;    0;19.3100;0.0000;    0;    0
2016-12-16 22:30:56;0.0000;211.2900;    0;    0;    0;    0;    0;    0;    0;19.3100;0.0000;    0;    0
2016-12-16 22:31:56;0.0000;211.2900;    0;    0;    0;    0;    0;    0;    0;19.3100;0.0000;    0;    0
2016-12-16 22:32:56;0.0000;211.2900;    0;    0;    0;    0;    0;    0;    0;19.3100;0.0000;    0;    0
2016-12-16 22:33:56;0.0000;211.2900;    0;    0;    0;    0;    0;    0;    0;19.2300;0.0000;    0;    0
2016-12-16 22:34:56;0.0000;211.2900;    0;    0;    0;    0;    0;    0;    0;19.2300;0.0000;    0;    0
2016-12-16 22:35:56;0.0000;211.2900;    0;    0;    0;    0;    0;    0;    0;19.2300;0.0000;    0;    0
2016-12-16 22:36:56;0.0000;211.2900;    0;    0;    0;    0;    0;    0;    0;19.2300;0.0000;    0;    0
2016-12-16 22:37:56;0.0000;211.2900;    0;    0;    0;    0;    0;    0;    0;19.2300;0.0000;    0;    0
2016-12-16 22:38:56;0.0000;211.2900;    0;    0;    0;    0;    0;    0;    0;19.2300;0.0000;    0;    1
2016-12-16 22:39:56;0.0000;211.2900;    0;    0;    0;    0;    0;    0;    0;19.3100;0.0000;    0;    0
2016-12-16 22:40:56;0.0000;211.2900;    0;    0;    0;    0;    0;    0;    0;19.2300;0.0000;    0;    0
2016-12-16 22:41:56;0.0000;211.2900;    0;    0;    0;    0;    0;    0;    0;19.3100;0.0000;    0;    0
2016-12-16 22:42:56;0.0000;211.2900;    0;    0;    0;    0;    0;    0;    0;19.2300;0.0000;    0;    0
2016-12-16 22:43:56;0.0000;211.2900;    0;    0;    0;    0;    0;    0;    0;19.2300;0.0000;    0;    0
2016-12-16 22:44:56;0.0000;211.2900;    0;    0;    0;    0;    0;    0;    0;19.2300;0.0000;    0;    0
2016-12-16 22:45:56;0.0000;211.2900;    0;    0;    0;    0;    0;    0;    0;19.2300;0.0000;    0;    0
2016-12-16 22:46:56;0.0000;211.2900;    0;    0;    0;    0;    0;    0;    0;19.2300;0.0000;    0;    0
2016-12-16 22:47:56;0.0000;211.2900;    0;    0;    0;    0;    0;    0;    0;19.2300;0.0000;    0;    0
2016-12-16 22:48:56;0.0000;211.2900;    0;    0;    0;    0;    0;    0;    0;19.2300;0.0000;    0;    0
2016-12-16 22:49:56;0.0000;211.2900;    0;    0;    0;    0;    0;    0;    0;19.2300;0.0000;    0;    0
2016-12-16 22:50:56;0.0000;211.2900;    0;    0;    0;    0;    0;    0;    0;19.2300;0.0000;    0;    0
2016-12-16 22:51:56;0.0000;211.2900;    0;    0;    0;    0;    0;    0;    0;19.2300;0.0000;    0;    0
2016-12-16 22:52:56;0.0000;211.2900;    0;    0;    0;    0;    0;    0;    0;19.2300;0.0000;    0;    0
2016-12-16 22:53:56;0.0000;211.2900;    0;    0;    0;    0;    0;    0;    0;19.1400;0.0000;    0;    0
2016-12-16 22:54:56;0.0000;211.2900;    0;    0;    0;    0;    0;    0;    0;19.2300;0.0000;    0;    0
2016-12-16 22:55:56;0.0000;211.2900;    0;    0;    0;    0;    0;    0;    0;19.1400;0.0000;    0;    0
2016-12-16 22:56:56;0.0000;211.2900;    0;    0;    0;    0;    0;    0;    0;19.1400;0.0000;    0;    0
2016-12-16 22:57:56;0.0000;211.2900;    0;    0;    0;    0;    0;    0;    0;19.1400;0.0000;    0;    0
2016-12-16 22:58:56;0.0000;211.2900;    0;    0;    0;    0;    0;    0;    0;19.1400;0.0000;    0;    0
2016-12-16 22:59:56;0.0000;211.2900;    0;    0;    0;    0;    0;    0;    0;19.1400;0.0000;    0;    0
2016-12-16 23:00:56;0.0000;211.2900;    0;    0;    0;    0;    0;    0;    0;19.1400;0.0000;    0;    0
2016-12-16 23:01:56;0.0000;211.2900;    0;    0;    0;    0;    0;    0;    0;19.1400;0.0000;    0;    0
2016-12-16 23:02:56;0.0000;211.2900;    0;    0;    0;    0;    0;    0;    0;19.1400;0.0000;    0;    0
2016-12-16 23:03:56;0.0000;211.2900;    0;    0;    0;    0;    0;    0;    0;19.1400;0.0000;    0;    0
2016-12-16 23:04:56;0.0000;211.2900;    0;    0;    0;    0;    0;    0;    0;19.1400;0.0000;    0;    0
2016-12-16 23:05:56;0.0000;211.2900;    0;    0;    0;    0;    0;    0;    0;19.0600;0.0000;    0;    0
2016-12-16 23:06:56;0.0000;211.2900;    0;    0;    0;    0;    0;    0;    0;19.0600;0.0000;    0;    0
2016-12-16 23:07:56;0.0000;211.2900;    0;    0;    0;    0;    0;    0;    0;19.0600;0.0000;    0;    0
2016-12-16 23:08:56;0.0000;211.2900;    0;    0;    0;    0;    0;    0;    0;19.0600;0.0000;    0;    0
2016-12-16 23:09:56;0.0000;211.2900;    0;    0;    0;    0;    0;    0;    0;19.0600;0.0000;    0;    0
2016-12-16 23:10:56;0.0000;211.2900;    0;    0;    0;    0;    0;    0;    0;19.0600;0.0000;    0;    0
2016-12-16 23:11:56;0.0000;211.2900;    0;    0;    0;    0;    0;    0;    0;19.0600;0.0000;    0;    0
2016-12-16 23:12:56;0.0000;211.2900;    0;    0;    0;    0;    0;    0;    0;19.0600;0.0000;    0;    0
2016-12-16 23:13:56;0.0000;211.2900;    0;    0;    0;    0;    0;    0;    0;19.0600;0.0000;    0;    0
2016-12-16 23:14:56;0.0000;211.2900;    0;    0;    0;    0;    0;    0;    0;19.0600;0.0000;    0;    0
2016-12-16 23:15:56;0.0000;211.2900;    0;    0;    0;    0;    0;    0;    0;19.0600;0.0000;    0;    0
2016-12-16 23:16:56;0.0000;211.2900;    0;    0;    0;    0;    0;    0;    0;19.0600;0.0000;    0;    0
2016-12-16 23:17:56;0.0000;211.2900;    0;    0;    0;    0;    0;    0;    0;19.0600;0.0000;    0;    0
2016-12-16 23:18:56;0.0000;211.2900;    0;    0;    0;    0;    0;    0;    0;18.9700;0.0000;    0;    0
2016-12-16 23:19:56;0.0000;211.2900;    0;    0;    0;    0;    0;    0;    0;18.9700;0.0000;    0;    0
2016-12-16 23:20:56;0.0000;211.2900;    0;    0;    0;    0;    0;    0;    0;19.0600;0.0000;    0;    0
2016-12-16 23:21:56;0.0000;211.2900;    0;    0;    0;    0;    0;    0;    0;18.9700;0.0000;    0;    0
2016-12-16 23:22:56;0.0000;211.2900;    0;    0;    0;    0;    0;    0;    0;18.9700;0.0000;    0;    0
2016-12-16 23:23:56;0.0000;211.2900;    0;    0;    0;    0;    0;    0;    0;18.9700;0.0000;    0;    0
2016-12-16 23:24:56;0.0000;211.2900;    0;    0;    0;    0;    0;    0;    0;18.9700;0.0000;    0;    0
2016-12-16 23:25:56;0.0000;211.2900;    0;    0;    0;    0;    0;    0;    0;18.9700;0.0000;    0;    0
2016-12-16 23:26:56;0.0000;211.2900;    0;    0;    0;    0;    0;    0;    0;18.9700;0.0000;    0;    0
2016-12-16 23:27:56;0.0000;211.2900;    0;    0;    0;    0;    0;    0;    0;18.9700;0.0000;    0;    0
2016-12-16 23:28:56;0.0000;211.2900;    0;    0;    0;    0;    0;    0;    0;18.9700;0.0000;    0;    0
2016-12-16 23:29:56;0.0000;211.2900;    0;    0;    0;    0;    0;    0;    0;18.9700;0.0000;    0;    0
2016-12-16 23:30:56;0.0000;211.2900;    0;    0;    0;    0;    0;    0;    0;18.9700;0.0000;    0;    0
2016-12-16 23:31:56;0.0000;211.2900;    0;    0;    0;    0;    0;    0;    0;18.9700;0.0000;    0;    0
2016-12-16 23:32:56;0.0000;211.2900;    0;    0;    0;    0;    0;    0;    0;18.9700;0.0000;    0;    1
2016-12-16 23:33:56;0.0000;211.2900;    0;    0;    0;    0;    0;    0;    0;18.9700;0.0000;    0;    0
2016-12-16 23:34:56;0.0000;211.2900;    0;    0;    0;    0;    0;    0;    0;18.8900;0.0000;    0;    0
2016-12-16 23:35:56;0.0000;211.2900;    0;    0;    0;    0;    0;    0;    0;18.8900;0.0000;    0;    0
2016-12-16 23:36:56;0.0000;211.2900;    0;    0;    0;    0;    0;    0;    0;18.9700;0.0000;    0;    0
2016-12-16 23:37:56;0.0000;211.2900;    0;    0;    0;    0;    0;    0;    0;18.8900;0.0000;    0;    0
2016-12-16 23:38:56;0.0000;211.2900;    0;    0;    0;    0;    0;    0;    0;18.8900;0.0000;    0;    0
2016-12-16 23:39:56;0.0000;211.2900;    0;    0;    0;    0;    0;    0;    0;18.8900;0.0000;    0;    0
2016-12-16 23:40:56;0.0000;211.2900;    0;    0;    0;    0;    0;    0;    0;18.8100;0.0000;    0;    0
2016-12-16 23:41:56;0.0000;211.2900;    0;    0;    0;    0;    0;    0;    0;18.8100;0.0000;    0;    0
2016-12-16 23:42:56;0.0000;211.2900;    0;    0;    0;    0;    0;    0;    0;18.8100;0.0000;    0;    1
2016-12-16 23:43:56;0.0000;211.2900;    0;    0;    0;    0;    0;    0;    0;18.8100;0.0000;    0;    0
2016-12-16 23:44:56;0.0000;211.2900;    0;    0;    0;    0;    0;    0;    0;18.8100;0.0000;    0;    0
2016-12-16 23:45:56;0.0000;211.2900;    0;    0;    0;    0;    0;    0;    0;18.8100;0.0000;    0;    0
2016-12-16 23:46:56;0.0000;211.2900;    0;    0;    0;    0;    0;    0;    0;18.8100;0.0000;    0;    0
2016-12-16 23:47:56;0.0000;211.2900;    0;    0;    0;    0;    0;    0;    0;18.8100;0.0000;    0;    0
2016-12-16 23:48:56;0.0000;211.2900;    0;    0;    0;    0;    0;    0;    0;18.8100;0.0000;    0;    0
2016-12-16 23:49:56;0.0000;211.2900;    0;    0;    0;    0;    0;    0;    0;18.7200;0.0000;    0;    0
2016-12-16 23:50:56;0.0000;211.2900;    0;    0;    0;    0;    0;    0;    0;18.8100;0.0000;    0;    0
2016-12-16 23:51:56;0.0000;211.2900;    0;    0;    0;    0;    0;    0;    0;18.8100;0.0000;    0;    0
2016-12-16 23:52:56;0.0000;211.2900;    0;    0;    0;    0;    0;    0;    0;18.8100;0.0000;    0;    0
2016-12-16 23:53:56;0.0000;211.2900;    0;    0;    0;    0;    0;    0;    0;18.7200;0.0000;    0;    0
2016-12-16 23:54:56;0.0000;211.2900;    0;    0;    0;    0;    0;    0;    0;18.7200;0.0000;    0;    0
2016-12-16 23:55:56;0.0000;211.2900;    0;    0;    0;    0;    0;    0;    0;18.7200;0.0000;    0;    0
2016-12-16 23:56:56;0.0000;211.2900;    0;    0;    0;    0;    0;    0;    0;18.6400;0.0000;    0;    0
2016-12-16 23:57:56;0.0000;211.2900;    0;    0;    0;    0;    0;    0;    0;18.6400;0.0000;    0;    0
2016-12-16 23:58:56;0.0000;211.2900;    0;    0;    0;    0;    0;    0;    0;18.6400;0.0000;    0;    0
2016-12-16 23:59:56;0.0000;211.2900;    0;    0;    0;    0;    0;    0;    0;18.6400;0.0000;    0;    0
