WARNING: TIME INFORMATION IS LOCALTIME  ;;;;;;;;;;;;;;;;;;;;;;;;;;;;;;;;;;;;;;;;;;;;;;;
;R2S-UMB ID1 precipitation absol. [l/m²] Act;R2S-UMB ID1 precipitation type [] Act;R2S-UMB ID1 precipitation diff. [l/m²] Act;R2S-UMB ID1 precipitation diff. [mm] Act;R2S-UMB ID1 precipitation absol. [mm] Act;R2S-UMB ID1 sum of drizzle-drops [events] Act;R2S-UMB ID1 sum of rain-drops [events] Act;R2S-UMB ID1 sum of hail [events] Act;R2S-UMB ID1 sum of particles [events] Act;R2S-UMB ID1 drizzle flag [] Act;R2S-UMB ID1 rain flag [] Act;R2S-UMB ID1 snow flag [] Act;R2S-UMB ID1 hail flag [] Act;R2S-UMB ID1 ambient temperature [°C] Act;R2S-UMB ID1 sum of snow-flakes [] Act;R2S-UMB ID1 precipitat.intensity [in/h] Act;R2S-UMB ID1 sum of hail [] Act
2017-06-16 00:00:10;66.8200;    0;0.0000;0.0000;66.8200;    0;    0;    0;    0;    0;    0;    0;    0;14.0300;    0;0.0000;    0
2017-06-16 00:01:10;66.8200;    0;0.0000;0.0000;66.8200;    0;    0;    0;    0;    0;    0;    0;    0;14.0300;    0;0.0000;    0
2017-06-16 00:02:10;66.8200;    0;0.0000;0.0000;66.8200;    0;    0;    0;    0;    0;    0;    0;    0;14.0300;    0;0.0000;    0
2017-06-16 00:03:10;66.8200;    0;0.0000;0.0000;66.8200;    0;    0;    0;    0;    0;    0;    0;    0;14.0300;    0;0.0000;    0
2017-06-16 00:04:10;66.8200;    0;0.0000;0.0000;66.8200;    0;    0;    0;    0;    0;    0;    0;    0;14.0300;    0;0.0000;    0
2017-06-16 00:05:10;66.8200;    0;0.0000;0.0000;66.8200;    0;    0;    0;    0;    0;    0;    0;    0;13.8000;    0;0.0000;    0
2017-06-16 00:06:10;66.8200;    0;0.0000;0.0000;66.8200;    0;    0;    0;    0;    0;    0;    0;    0;13.3300;    0;0.0000;    0
2017-06-16 00:07:10;66.8200;    0;0.0000;0.0000;66.8200;    0;    0;    0;    0;    0;    0;    0;    0;13.7200;    0;0.0000;    0
2017-06-16 00:08:10;66.8200;    0;0.0000;0.0000;66.8200;    0;    0;    0;    0;    0;    0;    0;    0;13.9500;    0;0.0000;    0
2017-06-16 00:09:10;66.8200;    0;0.0000;0.0000;66.8200;    0;    0;    0;    0;    0;    0;    0;    0;13.2500;    0;0.0000;    0
2017-06-16 00:10:10;66.8200;    0;0.0000;0.0000;66.8200;    0;    0;    0;    0;    0;    0;    0;    0;13.1700;    0;0.0000;    0
2017-06-16 00:11:10;66.8200;    0;0.0000;0.0000;66.8200;    0;    0;    0;    0;    0;    0;    0;    0;13.4900;    0;0.0000;    0
2017-06-16 00:12:10;66.8200;    0;0.0000;0.0000;66.8200;    0;    0;    0;    0;    0;    0;    0;    0;13.2500;    0;0.0000;    0
2017-06-16 00:13:10;66.8200;    0;0.0000;0.0000;66.8200;    0;    0;    0;    0;    0;    0;    0;    0;12.9300;    0;0.0000;    0
2017-06-16 00:14:10;66.8200;    0;0.0000;0.0000;66.8200;    0;    0;    0;    0;    0;    0;    0;    0;13.4900;    0;0.0000;    0
2017-06-16 00:15:10;66.8200;    0;0.0000;0.0000;66.8200;    0;    0;    0;    0;    0;    0;    0;    0;13.5600;    0;0.0000;    0
2017-06-16 00:16:10;66.8200;    0;0.0000;0.0000;66.8200;    0;    0;    0;    0;    0;    0;    0;    0;13.8000;    0;0.0000;    0
2017-06-16 00:17:10;66.8200;    0;0.0000;0.0000;66.8200;    0;    0;    0;    0;    0;    0;    0;    0;13.8700;    0;0.0000;    0
2017-06-16 00:18:10;66.8200;    0;0.0000;0.0000;66.8200;    0;    0;    0;    0;    0;    0;    0;    0;13.2500;    0;0.0000;    0
2017-06-16 00:19:10;66.8200;    0;0.0000;0.0000;66.8200;    0;    0;    0;    0;    0;    0;    0;    0;13.1700;    0;0.0000;    0
2017-06-16 00:20:10;66.8200;    0;0.0000;0.0000;66.8200;    0;    0;    0;    0;    0;    0;    0;    0;13.2500;    0;0.0000;    0
2017-06-16 00:21:10;66.8200;    0;0.0000;0.0000;66.8200;    0;    0;    0;    0;    0;    0;    0;    0;12.8600;    0;0.0000;    0
2017-06-16 00:22:10;66.8200;    0;0.0000;0.0000;66.8200;    0;    0;    0;    0;    0;    0;    0;    0;13.1700;    0;0.0000;    0
2017-06-16 00:23:10;66.8200;    0;0.0000;0.0000;66.8200;    0;    0;    0;    0;    0;    0;    0;    0;13.0900;    0;0.0000;    0
2017-06-16 00:24:10;66.8200;    0;0.0000;0.0000;66.8200;    0;    0;    0;    0;    0;    0;    0;    0;13.6400;    0;0.0000;    0
2017-06-16 00:25:10;66.8200;    0;0.0000;0.0000;66.8200;    0;    0;    0;    0;    0;    0;    0;    0;13.4900;    0;0.0000;    0
2017-06-16 00:26:10;66.8200;    0;0.0000;0.0000;66.8200;    0;    0;    0;    0;    0;    0;    0;    0;13.0900;    0;0.0000;    0
2017-06-16 00:27:10;66.8200;    0;0.0000;0.0000;66.8200;    0;    0;    0;    0;    0;    0;    0;    0;13.1700;    0;0.0000;    0
2017-06-16 00:28:10;66.8200;    0;0.0000;0.0000;66.8200;    0;    0;    0;    0;    0;    0;    0;    0;13.2500;    0;0.0000;    0
2017-06-16 00:29:10;66.8200;    0;0.0000;0.0000;66.8200;    0;    0;    0;    0;    0;    0;    0;    0;12.8600;    0;0.0000;    0
2017-06-16 00:30:10;66.8200;    0;0.0000;0.0000;66.8200;    0;    0;    0;    0;    0;    0;    0;    0;12.4700;    0;0.0000;    0
2017-06-16 00:31:10;66.8200;    0;0.0000;0.0000;66.8200;    0;    0;    0;    0;    0;    0;    0;    0;12.3900;    0;0.0000;    0
2017-06-16 00:32:10;66.8200;    0;0.0000;0.0000;66.8200;    0;    0;    0;    0;    0;    0;    0;    0;12.2400;    0;0.0000;    0
2017-06-16 00:33:10;66.8200;    0;0.0000;0.0000;66.8200;    0;    0;    0;    0;    0;    0;    0;    0;12.3900;    0;0.0000;    0
2017-06-16 00:34:10;66.8200;    0;0.0000;0.0000;66.8200;    0;    0;    0;    0;    0;    0;    0;    0;12.2400;    0;0.0000;    0
2017-06-16 00:35:10;66.8200;    0;0.0000;0.0000;66.8200;    0;    0;    0;    0;    0;    0;    0;    0;12.5500;    0;0.0000;    0
2017-06-16 00:36:10;66.8200;    0;0.0000;0.0000;66.8200;    0;    0;    0;    0;    0;    0;    0;    0;13.0100;    0;0.0000;    0
2017-06-16 00:37:10;66.8200;    0;0.0000;0.0000;66.8200;    0;    0;    0;    0;    0;    0;    0;    0;13.2500;    0;0.0000;    0
2017-06-16 00:38:10;66.8200;    0;0.0000;0.0000;66.8200;    0;    0;    0;    0;    0;    0;    0;    0;13.4900;    0;0.0000;    0
2017-06-16 00:39:10;66.8200;    0;0.0000;0.0000;66.8200;    0;    0;    0;    0;    0;    0;    0;    0;13.5600;    0;0.0000;    0
2017-06-16 00:40:10;66.8200;    0;0.0000;0.0000;66.8200;    0;    0;    0;    0;    0;    0;    0;    0;13.6400;    0;0.0000;    0
2017-06-16 00:41:10;66.8200;    0;0.0000;0.0000;66.8200;    0;    0;    0;    0;    0;    0;    0;    0;13.5600;    0;0.0000;    0
2017-06-16 00:42:10;66.8200;    0;0.0000;0.0000;66.8200;    0;    0;    0;    0;    0;    0;    0;    0;13.1700;    0;0.0000;    0
2017-06-16 00:43:10;66.8200;    0;0.0000;0.0000;66.8200;    0;    0;    0;    0;    0;    0;    0;    0;13.2500;    0;0.0000;    0
2017-06-16 00:44:10;66.8200;    0;0.0000;0.0000;66.8200;    0;    0;    0;    0;    0;    0;    0;    0;13.0100;    0;0.0000;    0
2017-06-16 00:45:10;66.8200;    0;0.0000;0.0000;66.8200;    0;    0;    0;    0;    0;    0;    0;    0;12.9300;    0;0.0000;    0
2017-06-16 00:46:10;66.8200;    0;0.0000;0.0000;66.8200;    0;    0;    0;    0;    0;    0;    0;    0;12.9300;    0;0.0000;    0
2017-06-16 00:47:10;66.8200;    0;0.0000;0.0000;66.8200;    0;    0;    0;    0;    0;    0;    0;    0;12.7000;    0;0.0000;    0
2017-06-16 00:48:10;66.8200;    0;0.0000;0.0000;66.8200;    0;    0;    0;    0;    0;    0;    0;    0;13.0900;    0;0.0000;    0
2017-06-16 00:49:10;66.8200;    0;0.0000;0.0000;66.8200;    0;    0;    0;    0;    0;    0;    0;    0;13.2500;    0;0.0000;    0
2017-06-16 00:50:10;66.8200;    0;0.0000;0.0000;66.8200;    0;    0;    0;    0;    0;    0;    0;    0;13.5600;    0;0.0000;    0
2017-06-16 00:51:10;66.8200;    0;0.0000;0.0000;66.8200;    0;    0;    0;    0;    0;    0;    0;    0;13.4900;    0;0.0000;    0
2017-06-16 00:52:10;66.8200;    0;0.0000;0.0000;66.8200;    0;    0;    0;    0;    0;    0;    0;    0;13.1700;    0;0.0000;    0
2017-06-16 00:53:10;66.8200;    0;0.0000;0.0000;66.8200;    0;    0;    0;    0;    0;    0;    0;    0;13.6400;    0;0.0000;    0
2017-06-16 00:54:10;66.8200;    0;0.0000;0.0000;66.8200;    0;    0;    0;    0;    0;    0;    0;    0;13.7200;    0;0.0000;    0
2017-06-16 00:55:10;66.8200;    0;0.0000;0.0000;66.8200;    0;    0;    0;    0;    0;    0;    0;    0;13.8700;    0;0.0000;    0
2017-06-16 00:56:10;66.8200;    0;0.0000;0.0000;66.8200;    0;    0;    0;    0;    0;    0;    0;    0;12.9300;    0;0.0000;    0
2017-06-16 00:57:10;66.8200;    0;0.0000;0.0000;66.8200;    0;    0;    0;    0;    0;    0;    0;    0;12.7000;    0;0.0000;    0
2017-06-16 00:58:10;66.8200;    0;0.0000;0.0000;66.8200;    0;    0;    0;    0;    0;    0;    0;    0;12.7000;    0;0.0000;    0
2017-06-16 00:59:10;66.8200;    0;0.0000;0.0000;66.8200;    0;    0;    0;    0;    0;    0;    0;    0;12.6300;    0;0.0000;    0
2017-06-16 01:00:10;66.8200;    0;0.0000;0.0000;66.8200;    0;    0;    0;    0;    0;    0;    0;    0;12.5500;    0;0.0000;    0
2017-06-16 01:01:10;66.8200;    0;0.0000;0.0000;66.8200;    0;    0;    0;    0;    0;    0;    0;    0;12.7000;    0;0.0000;    0
2017-06-16 01:02:10;66.8200;    0;0.0000;0.0000;66.8200;    0;    0;    0;    0;    0;    0;    0;    0;12.7800;    0;0.0000;    0
2017-06-16 01:03:10;66.8200;    0;0.0000;0.0000;66.8200;    0;    0;    0;    0;    0;    0;    0;    0;12.7000;    0;0.0000;    0
2017-06-16 01:04:10;66.8200;    0;0.0000;0.0000;66.8200;    0;    0;    0;    0;    0;    0;    0;    0;12.7000;    0;0.0000;    0
2017-06-16 01:05:10;66.8200;    0;0.0000;0.0000;66.8200;    0;    0;    0;    0;    0;    0;    0;    0;12.7800;    0;0.0000;    0
2017-06-16 01:06:10;66.8200;    0;0.0000;0.0000;66.8200;    0;    0;    0;    0;    0;    0;    0;    0;12.8600;    0;0.0000;    0
2017-06-16 01:07:10;66.8200;    0;0.0000;0.0000;66.8200;    0;    0;    0;    0;    0;    0;    0;    0;12.9300;    0;0.0000;    0
2017-06-16 01:08:10;66.8200;    0;0.0000;0.0000;66.8200;    0;    0;    0;    0;    0;    0;    0;    0;13.0100;    0;0.0000;    0
2017-06-16 01:09:10;66.8200;    0;0.0000;0.0000;66.8200;    0;    0;    0;    0;    0;    0;    0;    0;13.4100;    0;0.0000;    0
2017-06-16 01:10:10;66.8200;    0;0.0000;0.0000;66.8200;    0;    0;    0;    0;    0;    0;    0;    0;13.1700;    0;0.0000;    0
2017-06-16 01:11:10;66.8200;    0;0.0000;0.0000;66.8200;    0;    0;    0;    0;    0;    0;    0;    0;13.4100;    0;0.0000;    0
2017-06-16 01:12:10;66.8200;    0;0.0000;0.0000;66.8200;    0;    0;    0;    0;    0;    0;    0;    0;13.4100;    0;0.0000;    0
2017-06-16 01:13:10;66.8200;    0;0.0000;0.0000;66.8200;    0;    0;    0;    0;    0;    0;    0;    0;13.1700;    0;0.0000;    0
2017-06-16 01:14:10;66.8200;    0;0.0000;0.0000;66.8200;    0;    0;    0;    0;    0;    0;    0;    0;13.6400;    0;0.0000;    0
2017-06-16 01:15:10;66.8200;    0;0.0000;0.0000;66.8200;    0;    0;    0;    0;    0;    0;    0;    0;14.0300;    0;0.0000;    0
2017-06-16 01:16:10;66.8200;    0;0.0000;0.0000;66.8200;    0;    0;    0;    0;    0;    0;    0;    0;14.1100;    0;0.0000;    0
2017-06-16 01:17:10;66.8200;    0;0.0000;0.0000;66.8200;    0;    0;    0;    0;    0;    0;    0;    0;14.0300;    0;0.0000;    0
2017-06-16 01:18:10;66.8200;    0;0.0000;0.0000;66.8200;    0;    0;    0;    0;    0;    0;    0;    0;13.4100;    0;0.0000;    0
2017-06-16 01:19:10;66.8200;    0;0.0000;0.0000;66.8200;    0;    0;    0;    0;    0;    0;    0;    0;13.6400;    0;0.0000;    0
2017-06-16 01:20:10;66.8200;    0;0.0000;0.0000;66.8200;    0;    0;    0;    0;    0;    0;    0;    0;13.8700;    0;0.0000;    0
2017-06-16 01:21:10;66.8200;    0;0.0000;0.0000;66.8200;    0;    0;    0;    0;    0;    0;    0;    0;14.2700;    0;0.0000;    0
2017-06-16 01:22:10;66.8200;    0;0.0000;0.0000;66.8200;    0;    0;    0;    0;    0;    0;    0;    0;14.4300;    0;0.0000;    0
2017-06-16 01:23:10;66.8200;    0;0.0000;0.0000;66.8200;    0;    0;    0;    0;    0;    0;    0;    0;14.4300;    0;0.0000;    0
2017-06-16 01:24:10;66.8200;    0;0.0000;0.0000;66.8200;    0;    0;    0;    0;    0;    0;    0;    0;14.5100;    0;0.0000;    0
2017-06-16 01:25:10;66.8200;    0;0.0000;0.0000;66.8200;    0;    0;    0;    0;    0;    0;    0;    0;14.4300;    0;0.0000;    0
2017-06-16 01:26:10;66.8200;    0;0.0000;0.0000;66.8200;    0;    0;    0;    0;    0;    0;    0;    0;14.5100;    0;0.0000;    0
2017-06-16 01:27:10;66.8200;    0;0.0000;0.0000;66.8200;    0;    0;    0;    0;    0;    0;    0;    0;14.5100;    0;0.0000;    0
2017-06-16 01:28:10;66.8200;    0;0.0000;0.0000;66.8200;    0;    0;    0;    0;    0;    0;    0;    0;14.5100;    0;0.0000;    0
2017-06-16 01:29:10;66.8200;    0;0.0000;0.0000;66.8200;    0;    0;    0;    0;    0;    0;    0;    0;14.5100;    0;0.0000;    0
2017-06-16 01:30:10;66.8200;    0;0.0000;0.0000;66.8200;    0;    0;    0;    0;    0;    0;    0;    0;14.5100;    0;0.0000;    0
2017-06-16 01:31:10;66.8200;    0;0.0000;0.0000;66.8200;    0;    0;    0;    0;    0;    0;    0;    0;14.5100;    0;0.0000;    0
2017-06-16 01:32:10;66.8200;    0;0.0000;0.0000;66.8200;    0;    0;    0;    0;    0;    0;    0;    0;14.5100;    0;0.0000;    0
2017-06-16 01:33:10;66.8200;    0;0.0000;0.0000;66.8200;    0;    0;    0;    0;    0;    0;    0;    0;14.3500;    0;0.0000;    0
2017-06-16 01:34:10;66.8200;    0;0.0000;0.0000;66.8200;    0;    0;    0;    0;    0;    0;    0;    0;14.1100;    0;0.0000;    0
2017-06-16 01:35:10;66.8200;    0;0.0000;0.0000;66.8200;    0;    0;    0;    0;    0;    0;    0;    0;13.8000;    0;0.0000;    0
2017-06-16 01:36:10;66.8200;    0;0.0000;0.0000;66.8200;    0;    0;    0;    0;    0;    0;    0;    0;13.8000;    0;0.0000;    0
2017-06-16 01:37:10;66.8200;    0;0.0000;0.0000;66.8200;    0;    0;    0;    0;    0;    0;    0;    0;14.4300;    0;0.0000;    0
2017-06-16 01:38:10;66.8200;    0;0.0000;0.0000;66.8200;    0;    0;    0;    0;    0;    0;    0;    0;14.7400;    0;0.0000;    0
2017-06-16 01:39:10;66.8200;    0;0.0000;0.0000;66.8200;    0;    0;    0;    0;    0;    0;    0;    0;14.8200;    0;0.0000;    0
2017-06-16 01:40:10;66.8200;    0;0.0000;0.0000;66.8200;    0;    0;    0;    0;    0;    0;    0;    0;14.5900;    0;0.0000;    0
2017-06-16 01:41:10;66.8200;    0;0.0000;0.0000;66.8200;    0;    0;    0;    0;    0;    0;    0;    0;14.1900;    0;0.0000;    0
2017-06-16 01:42:10;66.8200;    0;0.0000;0.0000;66.8200;    0;    0;    0;    0;    0;    0;    0;    0;14.5100;    0;0.0000;    0
2017-06-16 01:43:10;66.8200;    0;0.0000;0.0000;66.8200;    0;    0;    0;    0;    0;    0;    0;    0;14.8200;    0;0.0000;    0
2017-06-16 01:44:10;66.8200;    0;0.0000;0.0000;66.8200;    0;    0;    0;    0;    0;    0;    0;    0;14.8200;    0;0.0000;    0
2017-06-16 01:45:10;66.8200;    0;0.0000;0.0000;66.8200;    0;    0;    0;    0;    0;    0;    0;    0;14.9800;    0;0.0000;    0
2017-06-16 01:46:10;66.8200;    0;0.0000;0.0000;66.8200;    0;    0;    0;    0;    0;    0;    0;    0;14.5900;    0;0.0000;    0
2017-06-16 01:47:10;66.8200;    0;0.0000;0.0000;66.8200;    0;    0;    0;    0;    0;    0;    0;    0;14.5900;    0;0.0000;    0
2017-06-16 01:48:10;66.8200;    0;0.0000;0.0000;66.8200;    0;    0;    0;    0;    0;    0;    0;    0;14.2700;    0;0.0000;    0
2017-06-16 01:49:10;66.8200;    0;0.0000;0.0000;66.8200;    0;    0;    0;    0;    0;    0;    0;    0;14.3500;    0;0.0000;    0
2017-06-16 01:50:10;66.8200;    0;0.0000;0.0000;66.8200;    0;    0;    0;    0;    0;    0;    0;    0;14.4300;    0;0.0000;    0
2017-06-16 01:51:10;66.8200;    0;0.0000;0.0000;66.8200;    0;    0;    0;    0;    0;    0;    0;    0;14.2700;    0;0.0000;    0
2017-06-16 01:52:10;66.8200;    0;0.0000;0.0000;66.8200;    0;    0;    0;    0;    0;    0;    0;    0;14.1900;    0;0.0000;    0
2017-06-16 01:53:10;66.8200;    0;0.0000;0.0000;66.8200;    0;    0;    0;    0;    0;    0;    0;    0;14.0300;    0;0.0000;    0
2017-06-16 01:54:10;66.8200;    0;0.0000;0.0000;66.8200;    0;    0;    0;    0;    0;    0;    0;    0;14.4300;    0;0.0000;    0
2017-06-16 01:55:10;66.8200;    0;0.0000;0.0000;66.8200;    0;    0;    0;    0;    0;    0;    0;    0;14.6600;    0;0.0000;    0
2017-06-16 01:56:10;66.8200;    0;0.0000;0.0000;66.8200;    0;    0;    0;    0;    0;    0;    0;    0;14.6600;    0;0.0000;    0
2017-06-16 01:57:10;66.8200;    0;0.0000;0.0000;66.8200;    0;    0;    0;    0;    0;    0;    0;    0;14.8200;    0;0.0000;    0
2017-06-16 01:58:10;66.8200;    0;0.0000;0.0000;66.8200;    0;    0;    0;    0;    0;    0;    0;    0;14.8200;    0;0.0000;    0
2017-06-16 01:59:10;66.8200;    0;0.0000;0.0000;66.8200;    0;    0;    0;    0;    0;    0;    0;    0;14.5900;    0;0.0000;    0
2017-06-16 02:00:10;66.8200;    0;0.0000;0.0000;66.8200;    0;    0;    0;    0;    0;    0;    0;    0;14.5100;    0;0.0000;    0
2017-06-16 02:01:10;66.8200;    0;0.0000;0.0000;66.8200;    0;    0;    0;    0;    0;    0;    0;    0;14.7400;    0;0.0000;    0
2017-06-16 02:02:10;66.8200;    0;0.0000;0.0000;66.8200;    0;    0;    0;    0;    0;    0;    0;    0;14.8200;    0;0.0000;    0
2017-06-16 02:03:10;66.8200;    0;0.0000;0.0000;66.8200;    0;    0;    0;    0;    0;    0;    0;    0;14.1100;    0;0.0000;    0
2017-06-16 02:04:10;66.8200;    0;0.0000;0.0000;66.8200;    0;    0;    0;    0;    0;    0;    0;    0;13.8000;    0;0.0000;    0
2017-06-16 02:05:10;66.8200;    0;0.0000;0.0000;66.8200;    0;    0;    0;    0;    0;    0;    0;    0;13.6400;    0;0.0000;    0
2017-06-16 02:06:10;66.8200;    0;0.0000;0.0000;66.8200;    0;    0;    0;    0;    0;    0;    0;    0;13.7200;    0;0.0000;    0
2017-06-16 02:07:10;66.8200;    0;0.0000;0.0000;66.8200;    0;    0;    0;    0;    0;    0;    0;    0;13.8000;    0;0.0000;    0
2017-06-16 02:08:10;66.8200;    0;0.0000;0.0000;66.8200;    0;    0;    0;    0;    0;    0;    0;    0;13.7200;    0;0.0000;    0
2017-06-16 02:09:10;66.8200;    0;0.0000;0.0000;66.8200;    0;    0;    0;    0;    0;    0;    0;    0;13.7200;    0;0.0000;    0
2017-06-16 02:10:10;66.8200;    0;0.0000;0.0000;66.8200;    0;    0;    0;    0;    0;    0;    0;    0;13.6400;    0;0.0000;    0
2017-06-16 02:11:10;66.8200;    0;0.0000;0.0000;66.8200;    0;    0;    0;    0;    0;    0;    0;    0;13.6400;    0;0.0000;    0
2017-06-16 02:12:10;66.8200;    0;0.0000;0.0000;66.8200;    0;    0;    0;    0;    0;    0;    0;    0;13.6400;    0;0.0000;    0
2017-06-16 02:13:10;66.8200;    0;0.0000;0.0000;66.8200;    0;    0;    0;    0;    0;    0;    0;    0;13.7200;    0;0.0000;    0
2017-06-16 02:14:10;66.8200;    0;0.0000;0.0000;66.8200;    0;    0;    0;    0;    0;    0;    0;    0;13.6400;    0;0.0000;    0
2017-06-16 02:15:10;66.8200;    0;0.0000;0.0000;66.8200;    0;    0;    0;    0;    0;    0;    0;    0;13.6400;    0;0.0000;    0
2017-06-16 02:16:10;66.8200;    0;0.0000;0.0000;66.8200;    0;    0;    0;    0;    0;    0;    0;    0;13.5600;    0;0.0000;    0
2017-06-16 02:17:10;66.8200;    0;0.0000;0.0000;66.8200;    0;    0;    0;    0;    0;    0;    0;    0;13.5600;    0;0.0000;    0
2017-06-16 02:18:10;66.8200;    0;0.0000;0.0000;66.8200;    0;    0;    0;    0;    0;    0;    0;    0;13.4900;    0;0.0000;    0
2017-06-16 02:19:10;66.8200;    0;0.0000;0.0000;66.8200;    0;    0;    0;    0;    0;    0;    0;    0;13.5600;    0;0.0000;    0
2017-06-16 02:20:10;66.8200;    0;0.0000;0.0000;66.8200;    0;    0;    0;    0;    0;    0;    0;    0;13.5600;    0;0.0000;    0
2017-06-16 02:21:10;66.8200;    0;0.0000;0.0000;66.8200;    0;    0;    0;    0;    0;    0;    0;    0;13.6400;    0;0.0000;    0
2017-06-16 02:22:10;66.8200;    0;0.0000;0.0000;66.8200;    0;    0;    0;    0;    0;    0;    0;    0;13.5600;    0;0.0000;    0
2017-06-16 02:23:10;66.8200;    0;0.0000;0.0000;66.8200;    0;    0;    0;    0;    0;    0;    0;    0;13.5600;    0;0.0000;    0
2017-06-16 02:24:10;66.8200;    0;0.0000;0.0000;66.8200;    0;    0;    0;    0;    0;    0;    0;    0;13.5600;    0;0.0000;    0
2017-06-16 02:25:10;66.8200;    0;0.0000;0.0000;66.8200;    0;    0;    0;    0;    0;    0;    0;    0;13.6400;    0;0.0000;    0
2017-06-16 02:26:10;66.8200;    0;0.0000;0.0000;66.8200;    0;    0;    0;    0;    0;    0;    0;    0;13.6400;    0;0.0000;    0
2017-06-16 02:27:10;66.8200;    0;0.0000;0.0000;66.8200;    0;    0;    0;    0;    0;    0;    0;    0;13.6400;    0;0.0000;    0
2017-06-16 02:28:10;66.8200;    0;0.0000;0.0000;66.8200;    0;    0;    0;    0;    0;    0;    0;    0;13.7200;    0;0.0000;    0
2017-06-16 02:29:10;66.8200;    0;0.0000;0.0000;66.8200;    0;    0;    0;    0;    0;    0;    0;    0;13.6400;    0;0.0000;    0
2017-06-16 02:30:10;66.8200;    0;0.0000;0.0000;66.8200;    0;    0;    0;    0;    0;    0;    0;    0;13.6400;    0;0.0000;    0
2017-06-16 02:31:10;66.8200;    0;0.0000;0.0000;66.8200;    0;    0;    0;    0;    0;    0;    0;    0;13.5600;    0;0.0000;    0
2017-06-16 02:32:10;66.8200;    0;0.0000;0.0000;66.8200;    0;    0;    0;    0;    0;    0;    0;    0;13.5600;    0;0.0000;    0
2017-06-16 02:33:10;66.8200;    0;0.0000;0.0000;66.8200;    0;    0;    0;    0;    0;    0;    0;    0;13.6400;    0;0.0000;    0
2017-06-16 02:34:10;66.8200;    0;0.0000;0.0000;66.8200;    0;    0;    0;    0;    0;    0;    0;    0;13.6400;    0;0.0000;    0
2017-06-16 02:35:10;66.8200;    0;0.0000;0.0000;66.8200;    0;    0;    0;    0;    0;    0;    0;    0;13.6400;    0;0.0000;    0
2017-06-16 02:36:10;66.8200;    0;0.0000;0.0000;66.8200;    0;    0;    0;    0;    0;    0;    0;    0;13.6400;    0;0.0000;    0
2017-06-16 02:37:10;66.8200;    0;0.0000;0.0000;66.8200;    0;    0;    0;    0;    0;    0;    0;    0;13.6400;    0;0.0000;    0
2017-06-16 02:38:10;66.8200;    0;0.0000;0.0000;66.8200;    0;    0;    0;    0;    0;    0;    0;    0;13.5600;    0;0.0000;    0
2017-06-16 02:39:10;66.8200;    0;0.0000;0.0000;66.8200;    0;    0;    0;    0;    0;    0;    0;    0;13.8000;    0;0.0000;    0
2017-06-16 02:40:10;66.8200;    0;0.0000;0.0000;66.8200;    0;    0;    0;    0;    0;    0;    0;    0;13.9500;    0;0.0000;    0
2017-06-16 02:41:10;66.8200;    0;0.0000;0.0000;66.8200;    0;    0;    0;    0;    0;    0;    0;    0;13.8700;    0;0.0000;    0
2017-06-16 02:42:10;66.8200;    0;0.0000;0.0000;66.8200;    0;    0;    0;    0;    0;    0;    0;    0;13.8700;    0;0.0000;    0
2017-06-16 02:43:10;66.8200;    0;0.0000;0.0000;66.8200;    0;    0;    0;    0;    0;    0;    0;    0;13.8000;    0;0.0000;    0
2017-06-16 02:44:10;66.8200;    0;0.0000;0.0000;66.8200;    0;    0;    0;    0;    0;    0;    0;    0;13.8700;    0;0.0000;    0
2017-06-16 02:45:10;66.8200;    0;0.0000;0.0000;66.8200;    0;    0;    0;    0;    0;    0;    0;    0;13.8000;    0;0.0000;    0
2017-06-16 02:46:10;66.8200;    0;0.0000;0.0000;66.8200;    0;    0;    0;    0;    0;    0;    0;    0;13.7200;    0;0.0000;    0
2017-06-16 02:47:10;66.8200;    0;0.0000;0.0000;66.8200;    0;    0;    0;    0;    0;    0;    0;    0;13.8700;    0;0.0000;    0
2017-06-16 02:48:10;66.8200;    0;0.0000;0.0000;66.8200;    0;    0;    0;    0;    0;    0;    0;    0;13.8000;    0;0.0000;    0
2017-06-16 02:49:10;66.8200;    0;0.0000;0.0000;66.8200;    0;    0;    0;    0;    0;    0;    0;    0;13.8700;    0;0.0000;    0
2017-06-16 02:50:10;66.8200;    0;0.0000;0.0000;66.8200;    0;    0;    0;    0;    0;    0;    0;    0;14.0300;    0;0.0000;    0
2017-06-16 02:51:10;66.8200;    0;0.0000;0.0000;66.8200;    0;    0;    0;    0;    0;    0;    0;    0;13.8700;    0;0.0000;    0
2017-06-16 02:52:10;66.8200;    0;0.0000;0.0000;66.8200;    0;    0;    0;    0;    0;    0;    0;    0;13.8000;    0;0.0000;    0
2017-06-16 02:53:10;66.8200;    0;0.0000;0.0000;66.8200;    0;    0;    0;    0;    0;    0;    0;    0;13.7200;    0;0.0000;    0
2017-06-16 02:54:10;66.8200;    0;0.0000;0.0000;66.8200;    0;    0;    0;    0;    0;    0;    0;    0;13.8000;    0;0.0000;    0
2017-06-16 02:55:10;66.8200;    0;0.0000;0.0000;66.8200;    0;    0;    0;    0;    0;    0;    0;    0;13.8000;    0;0.0000;    0
2017-06-16 02:56:10;66.8200;    0;0.0000;0.0000;66.8200;    0;    0;    0;    0;    0;    0;    0;    0;13.8000;    0;0.0000;    0
2017-06-16 02:57:10;66.8200;    0;0.0000;0.0000;66.8200;    0;    0;    0;    0;    0;    0;    0;    0;13.8700;    0;0.0000;    0
2017-06-16 02:58:10;66.8200;    0;0.0000;0.0000;66.8200;    0;    0;    0;    0;    0;    0;    0;    0;13.9500;    0;0.0000;    0
2017-06-16 02:59:10;66.8200;    0;0.0000;0.0000;66.8200;    0;    0;    0;    0;    0;    0;    0;    0;13.8700;    0;0.0000;    0
2017-06-16 03:00:10;66.8200;    0;0.0000;0.0000;66.8200;    0;    0;    0;    0;    0;    0;    0;    0;13.9500;    0;0.0000;    0
2017-06-16 03:01:10;66.8200;    0;0.0000;0.0000;66.8200;    0;    0;    0;    0;    0;    0;    0;    0;13.9500;    0;0.0000;    0
2017-06-16 03:02:10;66.8200;    0;0.0000;0.0000;66.8200;    0;    0;    0;    0;    0;    0;    0;    0;14.1100;    0;0.0000;    0
2017-06-16 03:03:10;66.8200;    0;0.0000;0.0000;66.8200;    0;    0;    0;    0;    0;    0;    0;    0;13.9500;    0;0.0000;    0
2017-06-16 03:04:10;66.8200;    0;0.0000;0.0000;66.8200;    0;    0;    0;    0;    0;    0;    0;    0;13.9500;    0;0.0000;    0
2017-06-16 03:05:10;66.8200;    0;0.0000;0.0000;66.8200;    0;    0;    0;    0;    0;    0;    0;    0;13.8700;    0;0.0000;    0
2017-06-16 03:06:10;66.8200;    0;0.0000;0.0000;66.8200;    0;    0;    0;    0;    0;    0;    0;    0;13.9500;    0;0.0000;    0
2017-06-16 03:07:10;66.8200;    0;0.0000;0.0000;66.8200;    0;    0;    0;    0;    0;    0;    0;    0;13.9500;    0;0.0000;    0
2017-06-16 03:08:10;66.8200;    0;0.0000;0.0000;66.8200;    0;    0;    0;    0;    0;    0;    0;    0;14.2700;    0;0.0000;    0
2017-06-16 03:09:10;66.8200;    0;0.0000;0.0000;66.8200;    0;    0;    0;    0;    0;    0;    0;    0;14.2700;    0;0.0000;    0
2017-06-16 03:10:10;66.8200;    0;0.0000;0.0000;66.8200;    0;    0;    0;    0;    0;    0;    0;    0;14.1900;    0;0.0000;    0
2017-06-16 03:11:10;66.8200;    0;0.0000;0.0000;66.8200;    0;    0;    0;    0;    0;    0;    0;    0;14.1900;    0;0.0000;    0
2017-06-16 03:12:10;66.8200;    0;0.0000;0.0000;66.8200;    0;    0;    0;    0;    0;    0;    0;    0;14.3500;    0;0.0000;    0
2017-06-16 03:13:10;66.8200;    0;0.0000;0.0000;66.8200;    0;    0;    0;    0;    0;    0;    0;    0;14.4300;    0;0.0000;    0
2017-06-16 03:14:10;66.8200;    0;0.0000;0.0000;66.8200;    0;    0;    0;    0;    0;    0;    0;    0;14.4300;    0;0.0000;    0
2017-06-16 03:15:10;66.8200;    0;0.0000;0.0000;66.8200;    0;    0;    0;    0;    0;    0;    0;    0;14.4300;    0;0.0000;    0
2017-06-16 03:16:10;66.8200;    0;0.0000;0.0000;66.8200;    0;    0;    0;    0;    0;    0;    0;    0;14.4300;    0;0.0000;    0
2017-06-16 03:17:10;66.8200;    0;0.0000;0.0000;66.8200;    0;    0;    0;    0;    0;    0;    0;    0;14.4300;    0;0.0000;    0
2017-06-16 03:18:10;66.8200;    0;0.0000;0.0000;66.8200;    0;    0;    0;    0;    0;    0;    0;    0;14.3500;    0;0.0000;    0
2017-06-16 03:19:10;66.8200;    0;0.0000;0.0000;66.8200;    0;    0;    0;    0;    0;    0;    0;    0;14.8200;    0;0.0000;    0
2017-06-16 03:20:10;66.8200;    0;0.0000;0.0000;66.8200;    0;    0;    0;    0;    0;    0;    0;    0;14.5100;    0;0.0000;    0
2017-06-16 03:21:10;66.8200;    0;0.0000;0.0000;66.8200;    0;    0;    0;    0;    0;    0;    0;    0;14.4300;    0;0.0000;    0
2017-06-16 03:22:10;66.8200;    0;0.0000;0.0000;66.8200;    0;    0;    0;    0;    0;    0;    0;    0;14.5100;    0;0.0000;    0
2017-06-16 03:23:10;66.8200;    0;0.0000;0.0000;66.8200;    0;    0;    0;    0;    0;    0;    0;    0;14.2700;    0;0.0000;    0
2017-06-16 03:24:10;66.8200;    0;0.0000;0.0000;66.8200;    0;    0;    0;    0;    0;    0;    0;    0;14.4300;    0;0.0000;    0
2017-06-16 03:25:10;66.8200;    0;0.0000;0.0000;66.8200;    0;    0;    0;    0;    0;    0;    0;    0;14.7400;    0;0.0000;    0
2017-06-16 03:26:10;66.8200;    0;0.0000;0.0000;66.8200;    0;    0;    0;    0;    0;    0;    0;    0;14.5100;    0;0.0000;    0
2017-06-16 03:27:10;66.8200;    0;0.0000;0.0000;66.8200;    0;    0;    0;    0;    0;    0;    0;    0;14.7400;    0;0.0000;    0
2017-06-16 03:28:10;66.8200;    0;0.0000;0.0000;66.8200;    0;    0;    0;    0;    0;    0;    0;    0;14.7400;    0;0.0000;    0
2017-06-16 03:29:10;66.8200;    0;0.0000;0.0000;66.8200;    0;    0;    0;    0;    0;    0;    0;    0;14.7400;    0;0.0000;    0
2017-06-16 03:30:10;66.8200;    0;0.0000;0.0000;66.8200;    0;    0;    0;    0;    0;    0;    0;    0;14.7400;    0;0.0000;    0
2017-06-16 03:31:10;66.8200;    0;0.0000;0.0000;66.8200;    0;    0;    0;    0;    0;    0;    0;    0;14.6600;    0;0.0000;    0
2017-06-16 03:32:10;66.8200;    0;0.0000;0.0000;66.8200;    0;    0;    0;    0;    0;    0;    0;    0;14.5100;    0;0.0000;    0
2017-06-16 03:33:10;66.8200;    0;0.0000;0.0000;66.8200;    0;    0;    0;    0;    0;    0;    0;    0;14.5100;    0;0.0000;    0
2017-06-16 03:34:10;66.8200;    0;0.0000;0.0000;66.8200;    0;    0;    0;    0;    0;    0;    0;    0;14.7400;    0;0.0000;    0
2017-06-16 03:35:10;66.8200;    0;0.0000;0.0000;66.8200;    0;    0;    0;    0;    0;    0;    0;    0;14.5900;    0;0.0000;    0
2017-06-16 03:36:10;66.8200;    0;0.0000;0.0000;66.8200;    0;    0;    0;    0;    0;    0;    0;    0;14.4300;    0;0.0000;    0
2017-06-16 03:37:10;66.8200;    0;0.0000;0.0000;66.8200;    0;    0;    0;    0;    0;    0;    0;    0;14.5100;    0;0.0000;    0
2017-06-16 03:38:10;66.8200;    0;0.0000;0.0000;66.8200;    0;    0;    0;    0;    0;    0;    0;    0;14.5100;    0;0.0000;    0
2017-06-16 03:39:10;66.8200;    0;0.0000;0.0000;66.8200;    0;    0;    0;    0;    0;    0;    0;    0;14.3500;    0;0.0000;    0
2017-06-16 03:40:10;66.8200;    0;0.0000;0.0000;66.8200;    0;    0;    0;    0;    0;    0;    0;    0;14.3500;    0;0.0000;    0
2017-06-16 03:41:10;66.8200;    0;0.0000;0.0000;66.8200;    0;    0;    0;    0;    0;    0;    0;    0;14.2700;    0;0.0000;    0
2017-06-16 03:42:10;66.8200;    0;0.0000;0.0000;66.8200;    0;    0;    0;    0;    0;    0;    0;    0;14.2700;    0;0.0000;    0
2017-06-16 03:43:10;66.8200;    0;0.0000;0.0000;66.8200;    0;    0;    0;    0;    0;    0;    0;    0;14.2700;    0;0.0000;    0
2017-06-16 03:44:10;66.8200;    0;0.0000;0.0000;66.8200;    0;    0;    0;    0;    0;    0;    0;    0;14.2700;    0;0.0000;    0
2017-06-16 03:45:10;66.8200;    0;0.0000;0.0000;66.8200;    0;    0;    0;    0;    0;    0;    0;    0;14.1900;    0;0.0000;    0
2017-06-16 03:46:10;66.8200;    0;0.0000;0.0000;66.8200;    0;    0;    0;    0;    0;    0;    0;    0;14.3500;    0;0.0000;    0
2017-06-16 03:47:10;66.8200;    0;0.0000;0.0000;66.8200;    0;    0;    0;    0;    0;    0;    0;    0;14.5900;    0;0.0000;    0
2017-06-16 03:48:10;66.8200;    0;0.0000;0.0000;66.8200;    0;    0;    0;    0;    0;    0;    0;    0;14.5900;    0;0.0000;    0
2017-06-16 03:49:10;66.8200;    0;0.0000;0.0000;66.8200;    0;    0;    0;    0;    0;    0;    0;    0;14.5100;    0;0.0000;    0
2017-06-16 03:50:10;66.8200;    0;0.0000;0.0000;66.8200;    0;    0;    0;    0;    0;    0;    0;    0;14.4300;    0;0.0000;    0
2017-06-16 03:51:10;66.8200;    0;0.0000;0.0000;66.8200;    0;    0;    0;    0;    0;    0;    0;    0;14.3500;    0;0.0000;    0
2017-06-16 03:52:10;66.8200;    0;0.0000;0.0000;66.8200;    0;    0;    0;    0;    0;    0;    0;    0;14.2700;    0;0.0000;    0
2017-06-16 03:53:10;66.8200;    0;0.0000;0.0000;66.8200;    0;    0;    0;    0;    0;    0;    0;    0;14.3500;    0;0.0000;    0
2017-06-16 03:54:10;66.8200;    0;0.0000;0.0000;66.8200;    0;    0;    0;    0;    0;    0;    0;    0;14.4300;    0;0.0000;    0
2017-06-16 03:55:10;66.8200;    0;0.0000;0.0000;66.8200;    0;    0;    0;    0;    0;    0;    0;    0;14.5900;    0;0.0000;    0
2017-06-16 03:56:10;66.8200;    0;0.0000;0.0000;66.8200;    0;    0;    0;    0;    0;    0;    0;    0;14.3500;    0;0.0000;    0
2017-06-16 03:57:10;66.8200;    0;0.0000;0.0000;66.8200;    0;    0;    0;    0;    0;    0;    0;    0;14.4300;    0;0.0000;    0
2017-06-16 03:58:10;66.8200;    0;0.0000;0.0000;66.8200;    0;    0;    0;    0;    0;    0;    0;    0;14.5900;    0;0.0000;    0
2017-06-16 03:59:10;66.8200;    0;0.0000;0.0000;66.8200;    0;    0;    0;    0;    0;    0;    0;    0;14.6600;    0;0.0000;    0
2017-06-16 04:00:10;66.8200;    0;0.0000;0.0000;66.8200;    0;    0;    0;    0;    0;    0;    0;    0;14.5900;    0;0.0000;    0
2017-06-16 04:01:10;66.8200;    0;0.0000;0.0000;66.8200;    0;    0;    0;    0;    0;    0;    0;    0;14.5900;    0;0.0000;    0
2017-06-16 04:02:10;66.8200;    0;0.0000;0.0000;66.8200;    0;    0;    0;    0;    0;    0;    0;    0;14.5100;    0;0.0000;    0
2017-06-16 04:03:10;66.8200;    0;0.0000;0.0000;66.8200;    0;    0;    0;    0;    0;    0;    0;    0;14.4300;    0;0.0000;    0
2017-06-16 04:04:10;66.8200;    0;0.0000;0.0000;66.8200;    0;    0;    0;    0;    0;    0;    0;    0;14.3500;    0;0.0000;    0
2017-06-16 04:05:10;66.8200;    0;0.0000;0.0000;66.8200;    0;    0;    0;    0;    0;    0;    0;    0;14.4300;    0;0.0000;    0
2017-06-16 04:06:10;66.8200;    0;0.0000;0.0000;66.8200;    0;    0;    0;    0;    0;    0;    0;    0;14.3500;    0;0.0000;    0
2017-06-16 04:07:10;66.8200;    0;0.0000;0.0000;66.8200;    0;    0;    0;    0;    0;    0;    0;    0;14.3500;    0;0.0000;    0
2017-06-16 04:08:10;66.8200;    0;0.0000;0.0000;66.8200;    0;    0;    0;    0;    0;    0;    0;    0;14.4300;    0;0.0000;    0
2017-06-16 04:09:10;66.8200;    0;0.0000;0.0000;66.8200;    0;    0;    0;    0;    0;    0;    0;    0;14.4300;    0;0.0000;    0
2017-06-16 04:10:10;66.8200;    0;0.0000;0.0000;66.8200;    0;    0;    0;    0;    0;    0;    0;    0;14.6600;    0;0.0000;    0
2017-06-16 04:11:10;66.8200;    0;0.0000;0.0000;66.8200;    0;    0;    0;    0;    0;    0;    0;    0;14.5100;    0;0.0000;    0
2017-06-16 04:12:10;66.8200;    0;0.0000;0.0000;66.8200;    0;    0;    0;    0;    0;    0;    0;    0;14.4300;    0;0.0000;    0
2017-06-16 04:13:10;66.8200;    0;0.0000;0.0000;66.8200;    0;    0;    0;    0;    0;    0;    0;    0;14.3500;    0;0.0000;    0
2017-06-16 04:14:10;66.8200;    0;0.0000;0.0000;66.8200;    0;    0;    0;    0;    0;    0;    0;    0;14.3500;    0;0.0000;    0
2017-06-16 04:15:10;66.8200;    0;0.0000;0.0000;66.8200;    0;    0;    0;    0;    0;    0;    0;    0;14.2700;    0;0.0000;    0
2017-06-16 04:16:10;66.8200;    0;0.0000;0.0000;66.8200;    0;    0;    0;    0;    0;    0;    0;    0;14.2700;    0;0.0000;    0
2017-06-16 04:17:10;66.8200;    0;0.0000;0.0000;66.8200;    0;    0;    0;    0;    0;    0;    0;    0;14.1900;    0;0.0000;    0
2017-06-16 04:18:10;66.8200;    0;0.0000;0.0000;66.8200;    0;    0;    0;    0;    0;    0;    0;    0;14.2700;    0;0.0000;    0
2017-06-16 04:19:10;66.8200;    0;0.0000;0.0000;66.8200;    0;    0;    0;    0;    0;    0;    0;    0;14.2700;    0;0.0000;    0
2017-06-16 04:20:10;66.8200;    0;0.0000;0.0000;66.8200;    0;    0;    0;    0;    0;    0;    0;    0;14.1900;    0;0.0000;    0
2017-06-16 04:21:10;66.8200;    0;0.0000;0.0000;66.8200;    0;    0;    0;    0;    0;    0;    0;    0;14.1900;    0;0.0000;    0
2017-06-16 04:22:10;66.8200;    0;0.0000;0.0000;66.8200;    0;    0;    0;    0;    0;    0;    0;    0;14.3500;    0;0.0000;    0
2017-06-16 04:23:10;66.8200;    0;0.0000;0.0000;66.8200;    0;    0;    0;    0;    0;    0;    0;    0;14.4300;    0;0.0000;    0
2017-06-16 04:24:10;66.8200;    0;0.0000;0.0000;66.8200;    0;    0;    0;    0;    0;    0;    0;    0;14.3500;    0;0.0000;    0
2017-06-16 04:25:10;66.8200;    0;0.0000;0.0000;66.8200;    0;    0;    0;    0;    0;    0;    0;    0;14.4300;    0;0.0000;    0
2017-06-16 04:26:10;66.8200;    0;0.0000;0.0000;66.8200;    0;    0;    0;    0;    0;    0;    0;    0;14.3500;    0;0.0000;    0
2017-06-16 04:27:10;66.8200;    0;0.0000;0.0000;66.8200;    0;    0;    0;    0;    0;    0;    0;    0;14.3500;    0;0.0000;    0
2017-06-16 04:28:10;66.8200;    0;0.0000;0.0000;66.8200;    0;    0;    0;    0;    0;    0;    0;    0;14.3500;    0;0.0000;    0
2017-06-16 04:29:10;66.8200;    0;0.0000;0.0000;66.8200;    0;    0;    0;    0;    0;    0;    0;    0;14.1900;    0;0.0000;    0
2017-06-16 04:30:10;66.8200;    0;0.0000;0.0000;66.8200;    0;    0;    0;    0;    0;    0;    0;    0;14.3500;    0;0.0000;    0
2017-06-16 04:31:10;66.8200;    0;0.0000;0.0000;66.8200;    0;    0;    0;    0;    0;    0;    0;    0;14.2700;    0;0.0000;    0
2017-06-16 04:32:10;66.8200;    0;0.0000;0.0000;66.8200;    0;    0;    0;    0;    0;    0;    0;    0;14.4300;    0;0.0000;    0
2017-06-16 04:33:10;66.8200;    0;0.0000;0.0000;66.8200;    0;    0;    0;    0;    0;    0;    0;    0;14.3500;    0;0.0000;    0
2017-06-16 04:34:10;66.8200;    0;0.0000;0.0000;66.8200;    0;    0;    0;    0;    0;    0;    0;    0;14.4300;    0;0.0000;    0
2017-06-16 04:35:10;66.8200;    0;0.0000;0.0000;66.8200;    0;    0;    0;    0;    0;    0;    0;    0;14.3500;    0;0.0000;    0
2017-06-16 04:36:10;66.8200;    0;0.0000;0.0000;66.8200;    0;    0;    0;    0;    0;    0;    0;    0;14.2700;    0;0.0000;    0
2017-06-16 04:37:10;66.8200;    0;0.0000;0.0000;66.8200;    0;    0;    0;    0;    0;    0;    0;    0;14.3500;    0;0.0000;    0
2017-06-16 04:38:10;66.8200;    0;0.0000;0.0000;66.8200;    0;    0;    0;    0;    0;    0;    0;    0;14.2700;    0;0.0000;    0
2017-06-16 04:39:10;66.8200;    0;0.0000;0.0000;66.8200;    0;    0;    0;    0;    0;    0;    0;    0;14.3500;    0;0.0000;    0
2017-06-16 04:40:10;66.8200;    0;0.0000;0.0000;66.8200;    0;    0;    0;    0;    0;    0;    0;    0;14.3500;    0;0.0000;    0
2017-06-16 04:41:10;66.8200;    0;0.0000;0.0000;66.8200;    0;    0;    0;    0;    0;    0;    0;    0;14.4300;    0;0.0000;    0
2017-06-16 04:42:10;66.8200;    0;0.0000;0.0000;66.8200;    0;    0;    0;    0;    0;    0;    0;    0;14.4300;    0;0.0000;    0
2017-06-16 04:43:10;66.8200;    0;0.0000;0.0000;66.8200;    0;    0;    0;    0;    0;    0;    0;    0;14.3500;    0;0.0000;    0
2017-06-16 04:44:10;66.8200;    0;0.0000;0.0000;66.8200;    0;    0;    0;    0;    0;    0;    0;    0;14.3500;    0;0.0000;    0
2017-06-16 04:45:10;66.8200;    0;0.0000;0.0000;66.8200;    0;    0;    0;    0;    0;    0;    0;    0;14.2700;    0;0.0000;    0
2017-06-16 04:46:10;66.8200;    0;0.0000;0.0000;66.8200;    0;    0;    0;    0;    0;    0;    0;    0;14.3500;    0;0.0000;    0
2017-06-16 04:47:10;66.8200;    0;0.0000;0.0000;66.8200;    0;    0;    0;    0;    0;    0;    0;    0;14.1900;    0;0.0000;    0
2017-06-16 04:48:10;66.8200;    0;0.0000;0.0000;66.8200;    0;    0;    0;    0;    0;    0;    0;    0;14.1900;    0;0.0000;    0
2017-06-16 04:49:10;66.8200;    0;0.0000;0.0000;66.8200;    0;    0;    0;    0;    0;    0;    0;    0;14.1100;    0;0.0000;    0
2017-06-16 04:50:10;66.8200;    0;0.0000;0.0000;66.8200;    0;    0;    0;    0;    0;    0;    0;    0;14.1100;    0;0.0000;    0
2017-06-16 04:51:10;66.8200;    0;0.0000;0.0000;66.8200;    0;    0;    0;    0;    0;    0;    0;    0;14.0300;    0;0.0000;    0
2017-06-16 04:52:10;66.8200;    0;0.0000;0.0000;66.8200;    0;    0;    0;    0;    0;    0;    0;    0;14.1100;    0;0.0000;    0
2017-06-16 04:53:10;66.8200;    0;0.0000;0.0000;66.8200;    0;    0;    0;    0;    0;    0;    0;    0;14.1100;    0;0.0000;    0
2017-06-16 04:54:10;66.8200;    0;0.0000;0.0000;66.8200;    0;    0;    0;    0;    0;    0;    0;    0;14.0300;    0;0.0000;    0
2017-06-16 04:55:10;66.8200;    0;0.0000;0.0000;66.8200;    0;    0;    0;    0;    0;    0;    0;    0;14.0300;    0;0.0000;    0
2017-06-16 04:56:10;66.8200;    0;0.0000;0.0000;66.8200;    0;    0;    0;    0;    0;    0;    0;    0;14.1100;    0;0.0000;    0
2017-06-16 04:57:10;66.8200;    0;0.0000;0.0000;66.8200;    0;    0;    0;    0;    0;    0;    0;    0;14.0300;    0;0.0000;    0
2017-06-16 04:58:10;66.8200;    0;0.0000;0.0000;66.8200;    0;    0;    0;    0;    0;    0;    0;    0;14.0300;    0;0.0000;    0
2017-06-16 04:59:10;66.8200;    0;0.0000;0.0000;66.8200;    0;    0;    0;    0;    0;    0;    0;    0;14.0300;    0;0.0000;    0
2017-06-16 05:00:10;66.8200;    0;0.0000;0.0000;66.8200;    0;    0;    0;    0;    0;    0;    0;    0;14.0300;    0;0.0000;    0
2017-06-16 05:01:10;66.8200;    0;0.0000;0.0000;66.8200;    0;    0;    0;    0;    0;    0;    0;    0;14.0300;    0;0.0000;    0
2017-06-16 05:02:10;66.8200;    0;0.0000;0.0000;66.8200;    0;    0;    0;    0;    0;    0;    0;    0;13.9500;    0;0.0000;    0
2017-06-16 05:03:10;66.8200;    0;0.0000;0.0000;66.8200;    0;    0;    0;    0;    0;    0;    0;    0;13.9500;    0;0.0000;    0
2017-06-16 05:04:10;66.8200;    0;0.0000;0.0000;66.8200;    0;    0;    0;    0;    0;    0;    0;    0;13.9500;    0;0.0000;    0
2017-06-16 05:05:10;66.8200;    0;0.0000;0.0000;66.8200;    0;    0;    0;    0;    0;    0;    0;    0;13.9500;    0;0.0000;    0
2017-06-16 05:06:10;66.8200;    0;0.0000;0.0000;66.8200;    0;    0;    0;    0;    0;    0;    0;    0;13.9500;    0;0.0000;    0
2017-06-16 05:07:10;66.8200;    0;0.0000;0.0000;66.8200;    0;    0;    0;    0;    0;    0;    0;    0;14.0300;    0;0.0000;    0
2017-06-16 05:08:10;66.8200;    0;0.0000;0.0000;66.8200;    0;    0;    0;    0;    0;    0;    0;    0;13.9500;    0;0.0000;    0
2017-06-16 05:09:10;66.8200;    0;0.0000;0.0000;66.8200;    0;    0;    0;    0;    0;    0;    0;    0;13.8700;    0;0.0000;    0
2017-06-16 05:10:10;66.8200;    0;0.0000;0.0000;66.8200;    0;    0;    0;    0;    0;    0;    0;    0;13.9500;    0;0.0000;    0
2017-06-16 05:11:10;66.8200;    0;0.0000;0.0000;66.8200;    0;    0;    0;    0;    0;    0;    0;    0;13.8700;    0;0.0000;    0
2017-06-16 05:12:10;66.8200;    0;0.0000;0.0000;66.8200;    0;    0;    0;    0;    0;    0;    0;    0;13.8000;    0;0.0000;    0
2017-06-16 05:13:10;66.8200;    0;0.0000;0.0000;66.8200;    0;    0;    0;    0;    0;    0;    0;    0;13.8000;    0;0.0000;    0
2017-06-16 05:14:10;66.8200;    0;0.0000;0.0000;66.8200;    0;    0;    0;    0;    0;    0;    0;    0;13.8700;    0;0.0000;    0
2017-06-16 05:15:10;66.8200;    0;0.0000;0.0000;66.8200;    0;    0;    0;    0;    0;    0;    0;    0;13.8000;    0;0.0000;    0
2017-06-16 05:16:10;66.8200;    0;0.0000;0.0000;66.8200;    0;    0;    0;    0;    0;    0;    0;    0;13.8000;    0;0.0000;    0
2017-06-16 05:17:10;66.8200;    0;0.0000;0.0000;66.8200;    0;    0;    0;    0;    0;    0;    0;    0;13.8000;    0;0.0000;    0
2017-06-16 05:18:10;66.8200;    0;0.0000;0.0000;66.8200;    0;    0;    0;    0;    0;    0;    0;    0;13.8000;    0;0.0000;    0
2017-06-16 05:19:10;66.8200;    0;0.0000;0.0000;66.8200;    0;    0;    0;    0;    0;    0;    0;    0;13.8000;    0;0.0000;    0
2017-06-16 05:20:10;66.8200;    0;0.0000;0.0000;66.8200;    0;    0;    0;    0;    0;    0;    0;    0;13.7200;    0;0.0000;    0
2017-06-16 05:21:10;66.8200;    0;0.0000;0.0000;66.8200;    0;    0;    0;    0;    0;    0;    0;    0;13.7200;    0;0.0000;    0
2017-06-16 05:22:10;66.8200;    0;0.0000;0.0000;66.8200;    0;    0;    0;    0;    0;    0;    0;    0;13.7200;    0;0.0000;    0
2017-06-16 05:23:10;66.8200;    0;0.0000;0.0000;66.8200;    0;    0;    0;    0;    0;    0;    0;    0;13.7200;    0;0.0000;    0
2017-06-16 05:24:10;66.8200;    0;0.0000;0.0000;66.8200;    0;    0;    0;    0;    0;    0;    0;    0;13.7200;    0;0.0000;    0
2017-06-16 05:25:10;66.8200;    0;0.0000;0.0000;66.8200;    0;    0;    0;    0;    0;    0;    0;    0;13.7200;    0;0.0000;    0
2017-06-16 05:26:10;66.8200;    0;0.0000;0.0000;66.8200;    0;    0;    0;    0;    0;    0;    0;    0;13.7200;    0;0.0000;    0
2017-06-16 05:27:10;66.8200;    0;0.0000;0.0000;66.8200;    0;    0;    0;    0;    0;    0;    0;    0;13.6400;    0;0.0000;    0
2017-06-16 05:28:10;66.8200;    0;0.0000;0.0000;66.8200;    0;    0;    0;    0;    0;    0;    0;    0;13.6400;    0;0.0000;    0
2017-06-16 05:29:10;66.8200;    0;0.0000;0.0000;66.8200;    0;    0;    0;    0;    0;    0;    0;    0;13.6400;    0;0.0000;    0
2017-06-16 05:30:10;66.8200;    0;0.0000;0.0000;66.8200;    0;    0;    0;    0;    0;    0;    0;    0;13.5600;    0;0.0000;    0
2017-06-16 05:31:10;66.8200;    0;0.0000;0.0000;66.8200;    0;    0;    0;    0;    0;    0;    0;    0;13.5600;    0;0.0000;    0
2017-06-16 05:32:10;66.8200;    0;0.0000;0.0000;66.8200;    0;    0;    0;    0;    0;    0;    0;    0;13.4900;    0;0.0000;    0
2017-06-16 05:33:10;66.8200;    0;0.0000;0.0000;66.8200;    0;    0;    0;    0;    0;    0;    0;    0;13.5600;    0;0.0000;    0
2017-06-16 05:34:10;66.8200;    0;0.0000;0.0000;66.8200;    0;    0;    0;    0;    0;    0;    0;    0;13.5600;    0;0.0000;    0
2017-06-16 05:35:10;66.8200;    0;0.0000;0.0000;66.8200;    0;    0;    0;    0;    0;    0;    0;    0;13.5600;    0;0.0000;    0
2017-06-16 05:36:10;66.8200;    0;0.0000;0.0000;66.8200;    0;    0;    0;    0;    0;    0;    0;    0;13.6400;    0;0.0000;    0
2017-06-16 05:37:10;66.8200;    0;0.0000;0.0000;66.8200;    0;    0;    0;    0;    0;    0;    0;    0;13.7200;    0;0.0000;    0
2017-06-16 05:38:10;66.8200;    0;0.0000;0.0000;66.8200;    0;    0;    0;    0;    0;    0;    0;    0;13.6400;    0;0.0000;    0
2017-06-16 05:39:10;66.8200;    0;0.0000;0.0000;66.8200;    0;    0;    0;    0;    0;    0;    0;    0;13.7200;    0;0.0000;    0
2017-06-16 05:40:10;66.8200;    0;0.0000;0.0000;66.8200;    0;    0;    0;    0;    0;    0;    0;    0;13.7200;    0;0.0000;    0
2017-06-16 05:41:10;66.8200;    0;0.0000;0.0000;66.8200;    0;    0;    0;    0;    0;    0;    0;    0;13.7200;    0;0.0000;    0
2017-06-16 05:42:10;66.8200;    0;0.0000;0.0000;66.8200;    0;    0;    0;    0;    0;    0;    0;    0;13.8700;    0;0.0000;    0
2017-06-16 05:43:10;66.8200;    0;0.0000;0.0000;66.8200;    0;    0;    0;    0;    0;    0;    0;    0;13.9500;    0;0.0000;    0
2017-06-16 05:44:10;66.8200;    0;0.0000;0.0000;66.8200;    0;    0;    0;    0;    0;    0;    0;    0;13.8700;    0;0.0000;    0
2017-06-16 05:45:10;66.8200;    0;0.0000;0.0000;66.8200;    0;    0;    0;    0;    0;    0;    0;    0;13.8000;    0;0.0000;    0
2017-06-16 05:46:10;66.8200;    0;0.0000;0.0000;66.8200;    0;    0;    0;    0;    0;    0;    0;    0;13.8000;    0;0.0000;    0
2017-06-16 05:47:10;66.8200;    0;0.0000;0.0000;66.8200;    0;    0;    0;    0;    0;    0;    0;    0;13.8700;    0;0.0000;    0
2017-06-16 05:48:10;66.8200;    0;0.0000;0.0000;66.8200;    0;    0;    0;    0;    0;    0;    0;    0;13.8700;    0;0.0000;    0
2017-06-16 05:49:10;66.8200;    0;0.0000;0.0000;66.8200;    0;    0;    0;    0;    0;    0;    0;    0;13.8700;    0;0.0000;    0
2017-06-16 05:50:10;66.8200;    0;0.0000;0.0000;66.8200;    0;    0;    0;    0;    0;    0;    0;    0;13.8700;    0;0.0000;    0
2017-06-16 05:51:10;66.8200;    0;0.0000;0.0000;66.8200;    0;    0;    0;    0;    0;    0;    0;    0;13.8700;    0;0.0000;    0
2017-06-16 05:52:10;66.8200;    0;0.0000;0.0000;66.8200;    0;    0;    0;    0;    0;    0;    0;    0;13.9500;    0;0.0000;    0
2017-06-16 05:53:10;66.8200;    0;0.0000;0.0000;66.8200;    0;    0;    0;    0;    0;    0;    0;    0;13.8700;    0;0.0000;    0
2017-06-16 05:54:10;66.8200;    0;0.0000;0.0000;66.8200;    0;    0;    0;    0;    0;    0;    0;    0;13.9500;    0;0.0000;    0
2017-06-16 05:55:10;66.8200;    0;0.0000;0.0000;66.8200;    0;    0;    0;    0;    0;    0;    0;    0;14.0300;    0;0.0000;    0
2017-06-16 05:56:10;66.8200;    0;0.0000;0.0000;66.8200;    0;    0;    0;    0;    0;    0;    0;    0;13.9500;    0;0.0000;    0
2017-06-16 05:57:10;66.8200;    0;0.0000;0.0000;66.8200;    0;    0;    0;    0;    0;    0;    0;    0;14.1100;    0;0.0000;    0
2017-06-16 05:58:10;66.8200;    0;0.0000;0.0000;66.8200;    0;    0;    0;    0;    0;    0;    0;    0;14.0300;    0;0.0000;    0
2017-06-16 05:59:10;66.8200;    0;0.0000;0.0000;66.8200;    0;    0;    0;    0;    0;    0;    0;    0;14.0300;    0;0.0000;    0
2017-06-16 06:00:10;66.8200;    0;0.0000;0.0000;66.8200;    0;    0;    0;    0;    0;    0;    0;    0;14.0300;    0;0.0000;    0
2017-06-16 06:01:10;66.8200;    0;0.0000;0.0000;66.8200;    0;    0;    0;    0;    0;    0;    0;    0;14.0300;    0;0.0000;    0
2017-06-16 06:02:10;66.8200;    0;0.0000;0.0000;66.8200;    0;    0;    0;    0;    0;    0;    0;    0;14.0300;    0;0.0000;    0
2017-06-16 06:03:10;66.8200;    0;0.0000;0.0000;66.8200;    0;    0;    0;    0;    0;    0;    0;    0;14.1100;    0;0.0000;    0
2017-06-16 06:04:10;66.8200;    0;0.0000;0.0000;66.8200;    0;    0;    0;    0;    0;    0;    0;    0;14.0300;    0;0.0000;    0
2017-06-16 06:05:10;66.8200;    0;0.0000;0.0000;66.8200;    0;    0;    0;    0;    0;    0;    0;    0;14.0300;    0;0.0000;    0
2017-06-16 06:06:10;66.8200;    0;0.0000;0.0000;66.8200;    0;    0;    0;    0;    0;    0;    0;    0;14.0300;    0;0.0000;    0
2017-06-16 06:07:10;66.8200;    0;0.0000;0.0000;66.8200;    0;    0;    0;    0;    0;    0;    0;    0;14.1100;    0;0.0000;    0
2017-06-16 06:08:10;66.8200;    0;0.0000;0.0000;66.8200;    0;    0;    0;    0;    0;    0;    0;    0;14.1100;    0;0.0000;    0
2017-06-16 06:09:10;66.8200;    0;0.0000;0.0000;66.8200;    0;    0;    0;    0;    0;    0;    0;    0;14.1100;    0;0.0000;    0
2017-06-16 06:10:10;66.8200;    0;0.0000;0.0000;66.8200;    0;    0;    0;    0;    0;    0;    0;    0;14.1100;    0;0.0000;    0
2017-06-16 06:11:10;66.8200;    0;0.0000;0.0000;66.8200;    0;    0;    0;    0;    0;    0;    0;    0;14.1100;    0;0.0000;    0
2017-06-16 06:12:10;66.8200;    0;0.0000;0.0000;66.8200;    0;    0;    0;    0;    0;    0;    0;    0;14.0300;    0;0.0000;    0
2017-06-16 06:13:10;66.8200;    0;0.0000;0.0000;66.8200;    0;    0;    0;    0;    0;    0;    0;    0;13.9500;    0;0.0000;    0
2017-06-16 06:14:10;66.8200;    0;0.0000;0.0000;66.8200;    0;    0;    0;    0;    0;    0;    0;    0;13.8000;    0;0.0000;    0
2017-06-16 06:15:10;66.8200;    0;0.0000;0.0000;66.8200;    0;    0;    0;    0;    0;    0;    0;    0;13.8700;    0;0.0000;    0
2017-06-16 06:16:10;66.8200;    0;0.0000;0.0000;66.8200;    0;    0;    0;    0;    0;    0;    0;    0;13.8700;    0;0.0000;    0
2017-06-16 06:17:10;66.8200;    0;0.0000;0.0000;66.8200;    0;    0;    0;    0;    0;    0;    0;    0;13.8700;    0;0.0000;    0
2017-06-16 06:18:10;66.8200;    0;0.0000;0.0000;66.8200;    0;    0;    0;    0;    0;    0;    0;    0;13.8700;    0;0.0000;    0
2017-06-16 06:19:10;66.8200;    0;0.0000;0.0000;66.8200;    0;    0;    0;    0;    0;    0;    0;    0;13.9500;    0;0.0000;    0
2017-06-16 06:20:10;66.8200;    0;0.0000;0.0000;66.8200;    0;    0;    0;    0;    0;    0;    0;    0;13.9500;    0;0.0000;    0
2017-06-16 06:21:10;66.8200;    0;0.0000;0.0000;66.8200;    0;    0;    0;    0;    0;    0;    0;    0;13.9500;    0;0.0000;    0
2017-06-16 06:22:10;66.8200;    0;0.0000;0.0000;66.8200;    0;    0;    0;    0;    0;    0;    0;    0;14.0300;    0;0.0000;    0
2017-06-16 06:23:10;66.8200;    0;0.0000;0.0000;66.8200;    0;    0;    0;    0;    0;    0;    0;    0;14.0300;    0;0.0000;    0
2017-06-16 06:24:10;66.8200;    0;0.0000;0.0000;66.8200;    0;    0;    0;    0;    0;    0;    0;    0;13.9500;    0;0.0000;    0
2017-06-16 06:25:10;66.8200;    0;0.0000;0.0000;66.8200;    0;    0;    0;    0;    0;    0;    0;    0;13.9500;    0;0.0000;    0
2017-06-16 06:26:10;66.8200;    0;0.0000;0.0000;66.8200;    0;    0;    0;    0;    0;    0;    0;    0;13.8700;    0;0.0000;    0
2017-06-16 06:27:10;66.8200;    0;0.0000;0.0000;66.8200;    0;    0;    0;    0;    0;    0;    0;    0;13.8000;    0;0.0000;    0
2017-06-16 06:28:10;66.8200;    0;0.0000;0.0000;66.8200;    0;    0;    0;    0;    0;    0;    0;    0;13.8000;    0;0.0000;    0
2017-06-16 06:29:10;66.8200;    0;0.0000;0.0000;66.8200;    0;    0;    0;    0;    0;    0;    0;    0;13.8700;    0;0.0000;    0
2017-06-16 06:30:10;66.8200;    0;0.0000;0.0000;66.8200;    0;    0;    0;    0;    0;    0;    0;    0;14.1100;    0;0.0000;    0
2017-06-16 06:31:10;66.8200;    0;0.0000;0.0000;66.8200;    0;    0;    0;    0;    0;    0;    0;    0;14.1100;    0;0.0000;    0
2017-06-16 06:32:10;66.8200;    0;0.0000;0.0000;66.8200;    0;    0;    0;    0;    0;    0;    0;    0;13.9500;    0;0.0000;    0
2017-06-16 06:33:10;66.8200;    0;0.0000;0.0000;66.8200;    0;    0;    0;    0;    0;    0;    0;    0;14.0300;    0;0.0000;    0
2017-06-16 06:34:10;66.8200;    0;0.0000;0.0000;66.8200;    0;    0;    0;    0;    0;    0;    0;    0;13.8000;    0;0.0000;    0
2017-06-16 06:35:10;66.8200;    0;0.0000;0.0000;66.8200;    0;    0;    0;    0;    0;    0;    0;    0;13.6400;    0;0.0000;    0
2017-06-16 06:36:10;66.8200;    0;0.0000;0.0000;66.8200;    0;    0;    0;    0;    0;    0;    0;    0;13.5600;    0;0.0000;    0
2017-06-16 06:37:10;66.8200;    0;0.0000;0.0000;66.8200;    0;    0;    0;    0;    0;    0;    0;    0;13.4900;    0;0.0000;    0
2017-06-16 06:38:10;66.8200;    0;0.0000;0.0000;66.8200;    0;    0;    0;    0;    0;    0;    0;    0;13.3300;    0;0.0000;    0
2017-06-16 06:39:10;66.8200;    0;0.0000;0.0000;66.8200;    0;    0;    0;    0;    0;    0;    0;    0;13.2500;    0;0.0000;    0
2017-06-16 06:40:10;66.8200;    0;0.0000;0.0000;66.8200;    0;    0;    0;    0;    0;    0;    0;    0;13.2500;    0;0.0000;    0
2017-06-16 06:41:10;66.8200;    0;0.0000;0.0000;66.8200;    0;    0;    0;    0;    0;    0;    0;    0;13.3300;    0;0.0000;    0
2017-06-16 06:42:10;66.8200;    0;0.0000;0.0000;66.8200;    0;    0;    0;    0;    0;    0;    0;    0;13.3300;    0;0.0000;    0
2017-06-16 06:43:10;66.8200;    0;0.0000;0.0000;66.8200;    0;    0;    0;    0;    0;    0;    0;    0;13.2500;    0;0.0000;    0
2017-06-16 06:44:10;66.8200;    0;0.0000;0.0000;66.8200;    0;    0;    0;    0;    0;    0;    0;    0;13.3300;    0;0.0000;    0
2017-06-16 06:45:10;66.8200;    0;0.0000;0.0000;66.8200;    0;    0;    0;    0;    0;    0;    0;    0;13.3300;    0;0.0000;    0
2017-06-16 06:46:10;66.8200;    0;0.0000;0.0000;66.8200;    0;    0;    0;    0;    0;    0;    0;    0;13.4100;    0;0.0000;    0
2017-06-16 06:47:10;66.8200;    0;0.0000;0.0000;66.8200;    0;    0;    0;    0;    0;    0;    0;    0;13.4100;    0;0.0000;    0
2017-06-16 06:48:10;66.8200;    0;0.0000;0.0000;66.8200;    0;    0;    0;    0;    0;    0;    0;    0;13.5600;    0;0.0000;    0
2017-06-16 06:49:10;66.8200;    0;0.0000;0.0000;66.8200;    0;    0;    0;    0;    0;    0;    0;    0;13.6400;    0;0.0000;    0
2017-06-16 06:50:10;66.8200;    0;0.0000;0.0000;66.8200;    0;    0;    0;    0;    0;    0;    0;    0;13.7200;    0;0.0000;    0
2017-06-16 06:51:10;66.8200;    0;0.0000;0.0000;66.8200;    0;    0;    0;    0;    0;    0;    0;    0;13.8000;    0;0.0000;    0
2017-06-16 06:52:10;66.8200;    0;0.0000;0.0000;66.8200;    0;    0;    0;    0;    0;    0;    0;    0;13.6400;    0;0.0000;    0
2017-06-16 06:53:10;66.8200;    0;0.0000;0.0000;66.8200;    0;    0;    0;    0;    0;    0;    0;    0;13.6400;    0;0.0000;    0
2017-06-16 06:54:10;66.8200;    0;0.0000;0.0000;66.8200;    0;    0;    0;    0;    0;    0;    0;    0;13.6400;    0;0.0000;    0
2017-06-16 06:55:10;66.8200;    0;0.0000;0.0000;66.8200;    0;    0;    0;    0;    0;    0;    0;    0;13.6400;    0;0.0000;    0
2017-06-16 06:56:10;66.8200;    0;0.0000;0.0000;66.8200;    0;    0;    0;    0;    0;    0;    0;    0;13.6400;    0;0.0000;    0
2017-06-16 06:57:10;66.8200;    0;0.0000;0.0000;66.8200;    0;    0;    0;    0;    0;    0;    0;    0;13.5600;    0;0.0000;    0
2017-06-16 06:58:10;66.8200;    0;0.0000;0.0000;66.8200;    0;    0;    0;    0;    0;    0;    0;    0;13.8000;    0;0.0000;    0
2017-06-16 06:59:10;66.8200;    0;0.0000;0.0000;66.8200;    0;    0;    0;    0;    0;    0;    0;    0;14.0300;    0;0.0000;    0
2017-06-16 07:00:10;66.8200;    0;0.0000;0.0000;66.8200;    0;    0;    0;    0;    0;    0;    0;    0;14.2700;    0;0.0000;    0
2017-06-16 07:01:10;66.8200;    0;0.0000;0.0000;66.8200;    0;    0;    0;    0;    0;    0;    0;    0;14.8200;    0;0.0000;    0
2017-06-16 07:02:10;66.8200;    0;0.0000;0.0000;66.8200;    0;    0;    0;    0;    0;    0;    0;    0;14.9800;    0;0.0000;    0
2017-06-16 07:03:10;66.8200;    0;0.0000;0.0000;66.8200;    0;    0;    0;    0;    0;    0;    0;    0;14.9800;    0;0.0000;    0
2017-06-16 07:04:10;66.8200;    0;0.0000;0.0000;66.8200;    0;    0;    0;    0;    0;    0;    0;    0;15.0600;    0;0.0000;    0
2017-06-16 07:05:10;66.8200;    0;0.0000;0.0000;66.8200;    0;    0;    0;    0;    0;    0;    0;    0;15.3000;    0;0.0000;    0
2017-06-16 07:06:10;66.8200;    0;0.0000;0.0000;66.8200;    0;    0;    0;    0;    0;    0;    0;    0;15.2200;    0;0.0000;    0
2017-06-16 07:07:10;66.8200;    0;0.0000;0.0000;66.8200;    0;    0;    0;    0;    0;    0;    0;    0;15.5400;    0;0.0000;    0
2017-06-16 07:08:10;66.8200;    0;0.0000;0.0000;66.8200;    0;    0;    0;    0;    0;    0;    0;    0;16.0100;    0;0.0000;    0
2017-06-16 07:09:10;66.8200;    0;0.0000;0.0000;66.8200;    0;    0;    0;    0;    0;    0;    0;    0;15.9400;    0;0.0000;    0
2017-06-16 07:10:10;66.8200;    0;0.0000;0.0000;66.8200;    0;    0;    0;    0;    0;    0;    0;    0;15.7800;    0;0.0000;    0
2017-06-16 07:11:10;66.8200;    0;0.0000;0.0000;66.8200;    0;    0;    0;    0;    0;    0;    0;    0;15.5400;    0;0.0000;    0
2017-06-16 07:12:10;66.8200;    0;0.0000;0.0000;66.8200;    0;    0;    0;    0;    0;    0;    0;    0;15.6200;    0;0.0000;    0
2017-06-16 07:13:10;66.8200;    0;0.0000;0.0000;66.8200;    0;    0;    0;    0;    0;    0;    0;    0;16.1000;    0;0.0000;    0
2017-06-16 07:14:10;66.8200;    0;0.0000;0.0000;66.8200;    0;    0;    0;    0;    0;    0;    0;    0;16.5900;    0;0.0000;    0
2017-06-16 07:15:10;66.8200;    0;0.0000;0.0000;66.8200;    0;    0;    0;    0;    0;    0;    0;    0;16.9100;    0;0.0000;    0
2017-06-16 07:16:10;66.8200;    0;0.0000;0.0000;66.8200;    0;    0;    0;    0;    0;    0;    0;    0;16.9900;    0;0.0000;    0
2017-06-16 07:17:10;66.8200;    0;0.0000;0.0000;66.8200;    0;    0;    0;    0;    0;    0;    0;    0;16.4200;    0;0.0000;    0
2017-06-16 07:18:10;66.8200;    0;0.0000;0.0000;66.8200;    0;    0;    0;    0;    0;    0;    0;    0;16.1800;    0;0.0000;    0
2017-06-16 07:19:10;66.8200;    0;0.0000;0.0000;66.8200;    0;    0;    0;    0;    0;    0;    0;    0;16.6700;    0;0.0000;    0
2017-06-16 07:20:10;66.8200;    0;0.0000;0.0000;66.8200;    0;    0;    0;    0;    0;    0;    0;    0;16.8300;    0;0.0000;    0
2017-06-16 07:21:10;66.8200;    0;0.0000;0.0000;66.8200;    0;    0;    0;    0;    0;    0;    0;    0;16.4200;    0;0.0000;    0
2017-06-16 07:22:10;66.8200;    0;0.0000;0.0000;66.8200;    0;    0;    0;    0;    0;    0;    0;    0;16.3400;    0;0.0000;    0
2017-06-16 07:23:10;66.8200;    0;0.0000;0.0000;66.8200;    0;    0;    0;    0;    0;    0;    0;    0;17.4000;    0;0.0000;    0
2017-06-16 07:24:10;66.8200;    0;0.0000;0.0000;66.8200;    0;    0;    0;    0;    0;    0;    0;    0;18.0600;    0;0.0000;    0
2017-06-16 07:25:10;66.8200;    0;0.0000;0.0000;66.8200;    0;    0;    0;    0;    0;    0;    0;    0;17.8900;    0;0.0000;    0
2017-06-16 07:26:10;66.8200;    0;0.0000;0.0000;66.8200;    0;    0;    0;    0;    0;    0;    0;    0;17.3200;    0;0.0000;    0
2017-06-16 07:27:10;66.8200;    0;0.0000;0.0000;66.8200;    0;    0;    0;    0;    0;    0;    0;    0;17.3200;    0;0.0000;    0
2017-06-16 07:28:10;66.8200;    0;0.0000;0.0000;66.8200;    0;    0;    0;    0;    0;    0;    0;    0;18.2200;    0;0.0000;    0
2017-06-16 07:29:10;66.8200;    0;0.0000;0.0000;66.8200;    0;    0;    0;    0;    0;    0;    0;    0;19.2300;    0;0.0000;    0
2017-06-16 07:30:10;66.8200;    0;0.0000;0.0000;66.8200;    0;    0;    0;    0;    0;    0;    0;    0;19.5700;    0;0.0000;    0
2017-06-16 07:31:10;66.8200;    0;0.0000;0.0000;66.8200;    0;    0;    0;    0;    0;    0;    0;    0;19.8200;    0;0.0000;    0
2017-06-16 07:32:10;66.8200;    0;0.0000;0.0000;66.8200;    0;    0;    0;    0;    0;    0;    0;    0;19.4000;    0;0.0000;    0
2017-06-16 07:33:10;66.8200;    0;0.0000;0.0000;66.8200;    0;    0;    0;    0;    0;    0;    0;    0;19.1400;    0;0.0000;    0
2017-06-16 07:34:10;66.8200;    0;0.0000;0.0000;66.8200;    0;    0;    0;    0;    0;    0;    0;    0;18.3100;    0;0.0000;    0
2017-06-16 07:35:10;66.8200;    0;0.0000;0.0000;66.8200;    0;    0;    0;    0;    0;    0;    0;    0;17.9700;    0;0.0000;    0
2017-06-16 07:36:10;66.8200;    0;0.0000;0.0000;66.8200;    0;    0;    0;    0;    0;    0;    0;    0;17.8900;    0;0.0000;    0
2017-06-16 07:37:10;66.8200;    0;0.0000;0.0000;66.8200;    0;    0;    0;    0;    0;    0;    0;    0;18.9700;    0;0.0000;    0
2017-06-16 07:38:10;66.8200;    0;0.0000;0.0000;66.8200;    0;    0;    0;    0;    0;    0;    0;    0;19.2300;    0;0.0000;    0
2017-06-16 07:39:10;66.8200;    0;0.0000;0.0000;66.8200;    0;    0;    0;    0;    0;    0;    0;    0;19.8200;    0;0.0000;    0
2017-06-16 07:40:10;66.8200;    0;0.0000;0.0000;66.8200;    0;    0;    0;    0;    0;    0;    0;    0;20.3300;    0;0.0000;    0
2017-06-16 07:41:10;66.8200;    0;0.0000;0.0000;66.8200;    0;    0;    0;    0;    0;    0;    0;    0;20.2500;    0;0.0000;    0
2017-06-16 07:42:10;66.8200;    0;0.0000;0.0000;66.8200;    0;    0;    0;    0;    0;    0;    0;    0;21.5500;    0;0.0000;    0
2017-06-16 07:43:10;66.8200;    0;0.0000;0.0000;66.8200;    0;    0;    0;    0;    0;    0;    0;    0;22.1600;    0;0.0000;    0
2017-06-16 07:44:10;66.8200;    0;0.0000;0.0000;66.8200;    0;    0;    0;    0;    0;    0;    0;    0;22.6100;    0;0.0000;    0
2017-06-16 07:45:10;66.8200;    0;0.0000;0.0000;66.8200;    0;    0;    0;    0;    0;    0;    0;    0;22.5200;    0;0.0000;    0
2017-06-16 07:46:10;66.8200;    0;0.0000;0.0000;66.8200;    0;    0;    0;    0;    0;    0;    0;    0;23.0500;    0;0.0000;    0
2017-06-16 07:47:10;66.8200;    0;0.0000;0.0000;66.8200;    0;    0;    0;    0;    0;    0;    0;    0;21.9000;    0;0.0000;    0
2017-06-16 07:48:10;66.8200;    0;0.0000;0.0000;66.8200;    0;    0;    0;    0;    0;    0;    0;    0;21.3700;    0;0.0000;    0
2017-06-16 07:49:10;66.8200;    0;0.0000;0.0000;66.8200;    0;    0;    0;    0;    0;    0;    0;    0;20.2500;    0;0.0000;    0
2017-06-16 07:50:10;66.8200;    0;0.0000;0.0000;66.8200;    0;    0;    0;    0;    0;    0;    0;    0;20.8500;    0;0.0000;    0
2017-06-16 07:51:10;66.8200;    0;0.0000;0.0000;66.8200;    0;    0;    0;    0;    0;    0;    0;    0;20.1600;    0;0.0000;    0
2017-06-16 07:52:10;66.8200;    0;0.0000;0.0000;66.8200;    0;    0;    0;    0;    0;    0;    0;    0;19.8200;    0;0.0000;    0
2017-06-16 07:53:10;66.8200;    0;0.0000;0.0000;66.8200;    0;    0;    0;    0;    0;    0;    0;    0;19.9900;    0;0.0000;    0
2017-06-16 07:54:10;66.8200;    0;0.0000;0.0000;66.8200;    0;    0;    0;    0;    0;    0;    0;    0;20.4200;    0;0.0000;    0
2017-06-16 07:55:10;66.8200;    0;0.0000;0.0000;66.8200;    0;    0;    0;    0;    0;    0;    0;    0;22.4300;    0;0.0000;    0
2017-06-16 07:56:10;66.8200;    0;0.0000;0.0000;66.8200;    0;    0;    0;    0;    0;    0;    0;    0;23.5100;    0;0.0000;    0
2017-06-16 07:57:10;66.8200;    0;0.0000;0.0000;66.8200;    0;    0;    0;    0;    0;    0;    0;    0;22.4300;    0;0.0000;    0
2017-06-16 07:58:10;66.8200;    0;0.0000;0.0000;66.8200;    0;    0;    0;    0;    0;    0;    0;    0;21.3700;    0;0.0000;    0
2017-06-16 07:59:10;66.8200;    0;0.0000;0.0000;66.8200;    0;    0;    0;    0;    0;    0;    0;    0;20.6800;    0;0.0000;    0
2017-06-16 08:00:10;66.8200;    0;0.0000;0.0000;66.8200;    0;    0;    0;    0;    0;    0;    0;    0;21.6400;    0;0.0000;    0
2017-06-16 08:01:10;66.8200;    0;0.0000;0.0000;66.8200;    0;    0;    0;    0;    0;    0;    0;    0;21.9000;    0;0.0000;    0
2017-06-16 08:02:10;66.8200;    0;0.0000;0.0000;66.8200;    0;    0;    0;    0;    0;    0;    0;    0;21.9800;    0;0.0000;    0
2017-06-16 08:03:10;66.8200;    0;0.0000;0.0000;66.8200;    0;    0;    0;    0;    0;    0;    0;    0;22.1600;    0;0.0000;    0
2017-06-16 08:04:10;66.8200;    0;0.0000;0.0000;66.8200;    0;    0;    0;    0;    0;    0;    0;    0;22.5200;    0;0.0000;    0
2017-06-16 08:05:10;66.8200;    0;0.0000;0.0000;66.8200;    0;    0;    0;    0;    0;    0;    0;    0;22.7000;    0;0.0000;    0
2017-06-16 08:06:10;66.8200;    0;0.0000;0.0000;66.8200;    0;    0;    0;    0;    0;    0;    0;    0;22.7000;    0;0.0000;    0
2017-06-16 08:07:10;66.8200;    0;0.0000;0.0000;66.8200;    0;    0;    0;    0;    0;    0;    0;    0;22.7900;    0;0.0000;    0
2017-06-16 08:08:10;66.8200;    0;0.0000;0.0000;66.8200;    0;    0;    0;    0;    0;    0;    0;    0;21.7200;    0;0.0000;    0
2017-06-16 08:09:10;66.8200;    0;0.0000;0.0000;66.8200;    0;    0;    0;    0;    0;    0;    0;    0;22.4300;    0;0.0000;    0
2017-06-16 08:10:10;66.8200;    0;0.0000;0.0000;66.8200;    0;    0;    0;    0;    0;    0;    0;    0;22.6100;    0;0.0000;    0
2017-06-16 08:11:10;66.8200;    0;0.0000;0.0000;66.8200;    0;    0;    0;    0;    0;    0;    0;    0;22.6100;    0;0.0000;    0
2017-06-16 08:12:10;66.8200;    0;0.0000;0.0000;66.8200;    0;    0;    0;    0;    0;    0;    0;    0;22.2500;    0;0.0000;    0
2017-06-16 08:13:10;66.8200;    0;0.0000;0.0000;66.8200;    0;    0;    0;    0;    0;    0;    0;    0;22.4300;    0;0.0000;    0
2017-06-16 08:14:10;66.8200;    0;0.0000;0.0000;66.8200;    0;    0;    0;    0;    0;    0;    0;    0;21.6400;    0;0.0000;    0
2017-06-16 08:15:10;66.8200;    0;0.0000;0.0000;66.8200;    0;    0;    0;    0;    0;    0;    0;    0;21.6400;    0;0.0000;    0
2017-06-16 08:16:10;66.8200;    0;0.0000;0.0000;66.8200;    0;    0;    0;    0;    0;    0;    0;    0;21.4600;    0;0.0000;    0
2017-06-16 08:17:10;66.8200;    0;0.0000;0.0000;66.8200;    0;    0;    0;    0;    0;    0;    0;    0;19.9900;    0;0.0000;    0
2017-06-16 08:18:10;66.8200;    0;0.0000;0.0000;66.8200;    0;    0;    0;    0;    0;    0;    0;    0;20.2500;    0;0.0000;    0
2017-06-16 08:19:10;66.8200;    0;0.0000;0.0000;66.8200;    0;    0;    0;    0;    0;    0;    0;    0;20.8500;    0;0.0000;    0
2017-06-16 08:20:10;66.8200;    0;0.0000;0.0000;66.8200;    0;    0;    0;    0;    0;    0;    0;    0;20.1600;    0;0.0000;    0
2017-06-16 08:21:10;66.8200;    0;0.0000;0.0000;66.8200;    0;    0;    0;    0;    0;    0;    0;    0;20.6800;    0;0.0000;    0
2017-06-16 08:22:10;66.8200;    0;0.0000;0.0000;66.8200;    0;    0;    0;    0;    0;    0;    0;    0;19.9900;    0;0.0000;    0
2017-06-16 08:23:10;66.8200;    0;0.0000;0.0000;66.8200;    0;    0;    0;    0;    0;    0;    0;    0;18.9700;    0;0.0000;    0
2017-06-16 08:24:10;66.8200;    0;0.0000;0.0000;66.8200;    0;    0;    0;    0;    0;    0;    0;    0;18.3900;    0;0.0000;    0
2017-06-16 08:25:10;66.8200;    0;0.0000;0.0000;66.8200;    0;    0;    0;    0;    0;    0;    0;    0;18.3100;    0;0.0000;    0
2017-06-16 08:26:10;66.8200;    0;0.0000;0.0000;66.8200;    0;    0;    0;    0;    0;    0;    0;    0;18.9700;    0;0.0000;    0
2017-06-16 08:27:10;66.8200;    0;0.0000;0.0000;66.8200;    0;    0;    0;    0;    0;    0;    0;    0;18.7200;    0;0.0000;    0
2017-06-16 08:28:10;66.8200;    0;0.0000;0.0000;66.8200;    0;    0;    0;    0;    0;    0;    0;    0;18.5600;    0;0.0000;    0
2017-06-16 08:29:10;66.8200;    0;0.0000;0.0000;66.8200;    0;    0;    0;    0;    0;    0;    0;    0;18.0600;    0;0.0000;    0
2017-06-16 08:30:10;66.8200;    0;0.0000;0.0000;66.8200;    0;    0;    0;    0;    0;    0;    0;    0;19.5700;    0;0.0000;    0
2017-06-16 08:31:10;66.8200;    0;0.0000;0.0000;66.8200;    0;    0;    0;    0;    0;    0;    0;    0;20.0700;    0;0.0000;    0
2017-06-16 08:32:10;66.8200;    0;0.0000;0.0000;66.8200;    0;    0;    0;    0;    0;    0;    0;    0;19.9000;    0;0.0000;    0
2017-06-16 08:33:10;66.8200;    0;0.0000;0.0000;66.8200;    0;    0;    0;    0;    0;    0;    0;    0;18.9700;    0;0.0000;    0
2017-06-16 08:34:10;66.8200;    0;0.0000;0.0000;66.8200;    0;    0;    0;    0;    0;    0;    0;    0;18.8100;    0;0.0000;    0
2017-06-16 08:35:10;66.8200;    0;0.0000;0.0000;66.8200;    0;    0;    0;    0;    0;    0;    0;    0;19.2300;    0;0.0000;    0
