WARNING: TIME INFORMATION IS LOCALTIME  ;;;;;;;;;;;;;;;;;;;;;;;;;;;;;;;;;;;;;;;;;;;;;;;
2017-01-23 09:28:00;R2S-UMB ID1 precipitation diff. [mm] Act;R2S-UMB ID1 precipitation absol. [mm] Act;R2S-UMB ID1 precipitation type [] Act;R2S-UMB ID1 sum of drizzle-drops [events] Act;R2S-UMB ID1 sum of rain-drops [events] Act;R2S-UMB ID1 sum of hail [events] Act;R2S-UMB ID1 drizzle flag [] Act;R2S-UMB ID1 rain flag [] Act;R2S-UMB ID1 snow flag [] Act;R2S-UMB ID1 ambient temperature [°C] Act;R2S-UMB ID1 precipitat.intensity [in/h] Act;R2S-UMB ID1 sum of hail [] Act;R2S-UMB ID1 sum of rain-drops [] Act
2017-01-23 09:28:00;0.0200;170.3200;   60;   36;   38;    0;    1;    1;    0;22.6100;0.0000;    0;    0
2017-01-23 09:29:00;0.0000;170.3200;   60;    6;   17;    0;    0;    1;    0;22.7000;0.0236;    0;   28
2017-01-23 09:30:00;0.0100;170.3300;   60;   13;   19;    0;    0;    1;    0;22.7000;0.0236;    0;   20
2017-01-23 09:31:00;0.0100;170.3400;   60;   19;   16;    0;    1;    1;    0;22.6100;0.0000;    0;    3
2017-01-23 09:32:00;0.0100;170.3500;   60;   19;   28;    0;    1;    1;    0;22.4300;0.0472;    0;    9
2017-01-23 09:33:00;0.0100;170.3600;   60;   11;   20;    0;    1;    1;    0;22.5200;0.0236;    0;    7
2017-01-23 09:34:00;0.0000;170.3600;   60;   11;   18;    0;    0;    1;    0;22.6100;0.0000;    0;   36
2017-01-23 09:35:00;0.0100;170.3700;   60;    0;   17;    0;    0;    1;    0;22.3400;0.0236;    0;   13
2017-01-23 09:36:00;0.0000;170.3700;   60;   16;   11;    0;    1;    0;    0;22.3400;0.0000;    0;   37
2017-01-23 09:37:00;0.0100;170.3800;   60;   14;   12;    0;    1;    0;    0;22.5200;0.0236;    0;   22
2017-01-23 09:38:00;0.0100;170.3900;   60;    9;   23;    0;    1;    1;    0;22.6100;0.0236;    0;   16
2017-01-23 09:39:00;0.0000;170.3900;   60;   13;    0;    0;    1;    0;    0;22.5200;0.0000;    0;   33
2017-01-23 09:40:00;0.0000;170.3900;    0;   11;   16;    0;    1;    1;    0;22.5200;0.0000;    0;   54
2017-01-23 09:41:00;0.0100;170.4000;   60;   12;   12;    0;    1;    1;    0;22.6100;0.0236;    0;   20
2017-01-23 09:42:00;0.0000;170.4000;   60;   15;    9;    0;    1;    1;    0;22.4300;0.0000;    0;   43
2017-01-23 09:43:00;0.0100;170.4100;   60;   12;   21;    0;    1;    1;    0;22.7000;0.0236;    0;   16
2017-01-23 09:44:00;0.0000;170.4100;   60;    8;   13;    0;    0;    1;    0;22.7900;0.0000;    0;   35
2017-01-23 09:45:00;0.0100;170.4200;   60;    7;   14;    0;    0;    1;    0;22.7000;0.0236;    0;   13
2017-01-23 09:46:00;0.0000;170.4200;   60;    4;    2;    0;    0;    0;    0;22.9600;0.0000;    0;   25
2017-01-23 09:47:00;0.0100;170.4300;   60;    8;   13;    0;    0;    1;    0;22.7900;0.0000;    0;    3
2017-01-23 09:48:00;0.0000;170.4300;   60;   21;   10;    0;    1;    1;    0;22.7900;0.0236;    0;   30
2017-01-23 09:49:00;0.0100;170.4400;   60;   13;   13;    0;    1;    1;    0;22.8700;0.0000;    0;    1
2017-01-23 09:50:00;0.0000;170.4400;   60;    6;   11;    0;    0;    1;    0;22.9600;0.0236;    0;   20
2017-01-23 09:51:00;0.0000;170.4400;    0;    7;   10;    0;    0;    0;    0;22.7000;0.0000;    0;   38
2017-01-23 09:52:00;0.0100;170.4500;   60;   13;   10;    0;    0;    1;    0;22.5200;0.0236;    0;   20
2017-01-23 09:53:00;0.0000;170.4500;   60;   18;   12;    0;    1;    0;    0;22.7000;0.0000;    0;   47
2017-01-23 09:54:00;0.0100;170.4600;   60;    5;   13;    0;    0;    1;    0;22.5200;0.0000;    0;    4
2017-01-23 09:55:00;0.0100;170.4700;   60;   28;   25;    0;    1;    1;    0;22.7000;0.0472;    0;   13
2017-01-23 09:56:00;0.0100;170.4800;   60;   14;   18;    0;    1;    1;    0;22.6100;0.0236;    0;    8
2017-01-23 09:57:00;0.0100;170.4900;   60;   12;   20;    0;    1;    1;    0;22.7000;0.0000;    0;    4
2017-01-23 09:58:00;0.0100;170.5000;   60;    4;   24;    0;    0;    1;    0;22.8700;0.0236;    0;    6
2017-01-23 09:59:00;0.0100;170.5100;   60;   11;   31;    0;    0;    1;    0;22.8700;0.0472;    0;   16
2017-01-23 10:00:00;0.0100;170.5200;   60;    8;   23;    0;    0;    1;    0;22.7900;0.0236;    0;   10
2017-01-23 10:01:00;0.0000;170.5200;   60;    0;   15;    0;    0;    1;    0;22.8700;0.0000;    0;   30
2017-01-23 10:02:00;0.0100;170.5300;   60;    9;    7;    0;    0;    0;    0;22.9600;0.0236;    0;    9
2017-01-23 10:03:00;0.0000;170.5300;   60;    0;    0;    0;    0;    0;    0;23.1400;0.0000;    0;   12
2017-01-23 10:04:00;0.0000;170.5300;    0;    0;    0;    0;    0;    0;    0;22.8700;0.0000;    0;   16
2017-01-23 10:05:00;0.0000;170.5300;    0;    0;    0;    0;    0;    0;    0;22.9600;0.0000;    0;   21
2017-01-23 10:06:00;0.0000;170.5300;    0;    0;    0;    0;    0;    0;    0;23.2400;0.0000;    0;   23
2017-01-23 10:07:00;0.0000;170.5300;    0;    0;    0;    0;    0;    0;    0;23.2400;0.0000;    0;   25
2017-01-23 10:08:00;0.0000;170.5300;    0;    0;    0;    0;    0;    0;    0;22.8700;0.0000;    0;   24
2017-01-23 10:09:00;0.0000;170.5300;    0;    0;    0;    0;    0;    0;    0;23.3300;0.0000;    0;   23
2017-01-23 10:10:00;0.0000;170.5300;    0;    0;    0;    0;    0;    0;    0;23.2400;0.0000;    0;   23
2017-01-23 10:11:00;0.0000;170.5300;    0;    0;    0;    0;    0;    0;    0;23.1400;0.0000;    0;   23
2017-01-23 10:12:00;0.0000;170.5300;    0;    0;    0;    0;    0;    0;    0;23.6000;0.0000;    0;   22
2017-01-23 10:13:00;0.0000;170.5300;    0;    0;    0;    0;    0;    0;    0;23.6900;0.0000;    0;   21
2017-01-23 10:14:00;0.0000;170.5300;    0;    0;    0;    0;    0;    0;    0;23.5100;0.0000;    0;   20
2017-01-23 10:15:00;0.0000;170.5300;    0;    0;    0;    0;    0;    0;    0;23.8700;0.0000;    0;   19
2017-01-23 10:16:00;0.0000;170.5300;    0;    0;    0;    0;    0;    0;    0;23.7800;0.0000;    0;   18
2017-01-23 10:17:00;0.0000;170.5300;    0;    0;    0;    0;    0;    0;    0;23.6000;0.0000;    0;   17
2017-01-23 10:18:00;0.0000;170.5300;    0;    0;    0;    0;    0;    0;    0;23.7800;0.0000;    0;   16
2017-01-23 10:19:00;0.0000;170.5300;    0;    0;    0;    0;    0;    0;    0;23.7800;0.0000;    0;   16
2017-01-23 10:20:00;0.0000;170.5300;    0;    0;    0;    0;    0;    0;    0;23.7800;0.0000;    0;   15
2017-01-23 10:21:00;0.0000;170.5300;    0;    0;    0;    0;    0;    0;    0;23.6000;0.0000;    0;   14
2017-01-23 10:22:00;0.0000;170.5300;    0;    0;    0;    0;    0;    0;    0;23.7800;0.0000;    0;   13
2017-01-23 10:23:00;0.0000;170.5300;    0;    0;    0;    0;    0;    0;    0;23.6000;0.0000;    0;   12
2017-01-23 10:24:00;0.0000;170.5300;    0;    0;    0;    0;    0;    0;    0;23.6000;0.0000;    0;   15
2017-01-23 10:25:00;0.0000;170.5300;    0;    0;    0;    0;    0;    0;    0;23.8700;0.0000;    0;   14
2017-01-23 10:26:00;0.0000;170.5300;    0;    0;    0;    0;    0;    0;    0;23.4200;0.0000;    0;   13
2017-01-23 10:27:00;0.0000;170.5300;    0;    0;    0;    0;    0;    0;    0;24.0500;0.0000;    0;   12
2017-01-23 10:28:00;0.0000;170.5300;    0;    0;    0;    0;    0;    0;    0;24.0500;0.0000;    0;   11
2017-01-23 10:29:00;0.0000;170.5300;    0;    0;    0;    0;    0;    0;    0;24.1400;0.0000;    0;   10
2017-01-23 10:30:00;0.0000;170.5300;    0;    0;    0;    0;    0;    0;    0;24.0500;0.0000;    0;   10
2017-01-23 10:31:00;0.0000;170.5300;    0;    0;    0;    0;    0;    0;    0;24.1400;0.0000;    0;    9
2017-01-23 10:32:00;0.0000;170.5300;    0;    0;    0;    0;    0;    0;    0;24.3300;0.0000;    0;    8
2017-01-23 10:33:00;0.0000;170.5300;    0;    0;    0;    0;    0;    0;    0;24.3300;0.0000;    0;    7
2017-01-23 10:34:00;0.0000;170.5300;    0;    0;    0;    0;    0;    0;    0;24.6100;0.0000;    0;    6
2017-01-23 10:35:00;0.0000;170.5300;    0;    0;    0;    0;    0;    0;    0;24.7900;0.0000;    0;    5
2017-01-23 10:36:00;0.0000;170.5300;    0;    0;    0;    0;    0;    0;    0;24.6100;0.0000;    0;    4
2017-01-23 10:37:00;0.0000;170.5300;    0;    0;    0;    0;    0;    0;    0;24.8800;0.0000;    0;    3
2017-01-23 10:38:00;0.0000;170.5300;    0;    0;    0;    0;    0;    0;    0;24.8800;0.0000;    0;    2
2017-01-23 10:39:00;0.0000;170.5300;    0;    0;    0;    0;    0;    0;    0;24.7000;0.0000;    0;    1
2017-01-23 10:40:00;0.0000;170.5300;    0;    0;    0;    0;    0;    0;    0;24.3300;0.0000;    0;    0
2017-01-23 10:41:00;0.0000;170.5300;    0;    0;    0;    0;    0;    0;    0;24.2400;0.0000;    0;    0
2017-01-23 10:42:00;0.0000;170.5300;    0;    0;    0;    0;    0;    0;    0;24.2400;0.0000;    0;    0
2017-01-23 10:43:00;0.0000;170.5300;    0;    0;    0;    0;    0;    0;    0;24.8800;0.0000;    0;    0
2017-01-23 10:44:00;0.0000;170.5300;    0;    0;    0;    0;    0;    0;    0;24.8800;0.0000;    0;    0
2017-01-23 10:45:00;0.0000;170.5300;    0;    0;    0;    0;    0;    0;    0;24.7000;0.0000;    0;    0
2017-01-23 10:46:00;0.0000;170.5300;    0;    0;    0;    0;    0;    0;    0;24.7000;0.0000;    0;    0
2017-01-23 10:47:00;0.0000;170.5300;    0;    0;    0;    0;    0;    0;    0;25.0700;0.0000;    0;    0
2017-01-23 10:48:00;0.0000;170.5300;    0;    0;    0;    0;    0;    0;    0;25.5400;0.0000;    0;    0
2017-01-23 10:49:00;0.0000;170.5300;    0;    0;    0;    0;    0;    0;    0;25.1700;0.0000;    0;    0
2017-01-23 10:50:00;0.0000;170.5300;    0;    0;    0;    0;    0;    0;    0;25.6400;0.0000;    0;    0
2017-01-23 10:51:00;0.0000;170.5300;    0;    0;    0;    0;    0;    0;    0;25.9200;0.0000;    0;    0
2017-01-23 10:52:00;0.0000;170.5300;    0;    0;    0;    0;    0;    0;    0;26.1100;0.0000;    0;    1
2017-01-23 10:53:00;0.0000;170.5300;    0;    0;    0;    0;    0;    0;    0;26.3000;0.0000;    0;    0
2017-01-23 10:54:00;0.0000;170.5300;    0;    0;    0;    0;    0;    0;    0;26.8800;0.0000;    0;    0
2017-01-23 10:55:00;0.0000;170.5300;    0;    0;    0;    0;    0;    0;    0;27.0800;0.0000;    0;    0
2017-01-23 10:56:00;0.0000;170.5300;    0;    0;    0;    0;    0;    0;    0;26.8800;0.0000;    0;    0
2017-01-23 10:57:00;0.0000;170.5300;    0;    0;    0;    0;    0;    0;    0;26.3000;0.0000;    0;    0
2017-01-23 10:58:00;0.0000;170.5300;    0;    0;    0;    0;    0;    0;    0;26.2100;0.0000;    0;    0
2017-01-23 10:59:00;0.0000;170.5300;    0;    0;    0;    0;    0;    0;    0;25.4500;0.0000;    0;    0
2017-01-23 11:00:00;0.0000;170.5300;    0;    0;    0;    0;    0;    0;    0;24.9700;0.0000;    0;    0
2017-01-23 11:01:00;0.0000;170.5300;    0;    0;    0;    0;    0;    0;    0;25.7300;0.0000;    0;    0
2017-01-23 11:02:00;0.0000;170.5300;    0;    0;    0;    0;    0;    0;    0;26.0100;0.0000;    0;    0
2017-01-23 11:03:00;0.0000;170.5300;    0;    0;    0;    0;    0;    0;    0;25.3600;0.0000;    0;    3
2017-01-23 11:04:00;0.0000;170.5300;    0;    0;    0;    0;    0;    0;    0;25.5400;0.0000;    0;    4
2017-01-23 11:05:00;0.0000;170.5300;    0;    0;    0;    0;    0;    0;    0;25.0700;0.0000;    0;    4
2017-01-23 11:06:00;0.0000;170.5300;    0;    0;    0;    0;    0;    0;    0;24.7900;0.0000;    0;    5
2017-01-23 11:07:00;0.0000;170.5300;    0;    0;    0;    0;    0;    0;    0;24.7000;0.0000;    0;    7
2017-01-23 11:08:00;0.0000;170.5300;    0;    0;    0;    0;    0;    0;    0;24.5200;0.0000;    0;    7
2017-01-23 11:09:00;0.0000;170.5300;    0;    0;    0;    0;    0;    0;    0;24.6100;0.0000;    0;    6
2017-01-23 11:10:00;0.0000;170.5300;    0;    0;    0;    0;    0;    0;    0;24.8800;0.0000;    0;    5
2017-01-23 11:11:00;0.0000;170.5300;    0;    0;    0;    0;    0;    0;    0;24.5200;0.0000;    0;    4
2017-01-23 11:12:00;0.0000;170.5300;    0;    0;    0;    0;    0;    0;    0;24.5200;0.0000;    0;    3
2017-01-23 11:13:00;0.0000;170.5300;    0;    0;    0;    0;    0;    0;    0;24.5200;0.0000;    0;    3
2017-01-23 11:14:00;0.0000;170.5300;    0;    0;    0;    0;    0;    0;    0;24.1400;0.0000;    0;    2
2017-01-23 11:15:00;0.0000;170.5300;    0;    0;    0;    0;    0;    0;    0;24.4200;0.0000;    0;    2
2017-01-23 11:16:00;0.0000;170.5300;    0;    0;    0;    0;    0;    0;    0;24.2400;0.0000;    0;    1
2017-01-23 11:17:00;0.0000;170.5300;    0;    0;    0;    0;    0;    0;    0;24.4200;0.0000;    0;    0
2017-01-23 11:18:00;0.0000;170.5300;    0;    0;    0;    0;    0;    0;    0;24.2400;0.0000;    0;    0
2017-01-23 11:19:00;0.0000;170.5300;    0;    0;    0;    0;    0;    0;    0;24.2400;0.0000;    0;    0
2017-01-23 11:20:00;0.0000;170.5300;    0;    0;    0;    0;    0;    0;    0;24.5200;0.0000;    0;    0
2017-01-23 11:21:00;0.0000;170.5300;    0;    0;    0;    0;    0;    0;    0;24.1400;0.0000;    0;    0
2017-01-23 11:22:00;0.0000;170.5300;    0;    0;    0;    0;    0;    0;    0;24.1400;0.0000;    0;    0
2017-01-23 11:23:00;0.0000;170.5300;    0;    0;    0;    0;    0;    0;    0;24.4200;0.0000;    0;    0
2017-01-23 11:24:00;0.0000;170.5300;    0;    0;    0;    0;    0;    0;    0;24.3300;0.0000;    0;    0
2017-01-23 11:25:00;0.0000;170.5300;    0;    0;    0;    0;    0;    0;    0;24.6100;0.0000;    0;    0
2017-01-23 11:26:00;0.0000;170.5300;    0;    0;    0;    0;    0;    0;    0;24.4200;0.0000;    0;    0
2017-01-23 11:27:00;0.0000;170.5300;    0;    0;    0;    0;    0;    0;    0;24.5200;0.0000;    0;    0
2017-01-23 11:28:00;0.0000;170.5300;    0;    0;    0;    0;    0;    0;    0;24.7000;0.0000;    0;    0
2017-01-23 11:29:00;0.0000;170.5300;    0;    0;    0;    0;    0;    0;    0;24.4200;0.0000;    0;    0
2017-01-23 11:30:00;0.0000;170.5300;    0;    0;    0;    0;    0;    0;    0;24.2400;0.0000;    0;    0
2017-01-23 11:31:00;0.0000;170.5300;    0;    0;    0;    0;    0;    0;    0;24.4200;0.0000;    0;    0
2017-01-23 11:32:00;0.0000;170.5300;    0;    0;    0;    0;    0;    0;    0;24.7900;0.0000;    0;    1
2017-01-23 11:33:00;0.0000;170.5300;    0;    0;    0;    0;    0;    0;    0;24.7900;0.0000;    0;    0
2017-01-23 11:34:00;0.0000;170.5300;    0;    0;    0;    0;    0;    0;    0;24.7000;0.0000;    0;    0
2017-01-23 11:35:00;0.0000;170.5300;    0;    0;    0;    0;    0;    0;    0;24.7000;0.0000;    0;    3
2017-01-23 11:36:00;0.0000;170.5300;    0;    0;    0;    0;    0;    0;    0;24.8800;0.0000;    0;    6
2017-01-23 11:37:00;0.0000;170.5300;    0;    8;    0;    0;    1;    0;    0;24.6100;0.0000;    0;   15
2017-01-23 11:38:00;0.0000;170.5300;    0;    0;    0;    0;    0;    0;    0;24.4200;0.0000;    0;   14
2017-01-23 11:39:00;0.0000;170.5300;    0;    0;    0;    0;    0;    0;    0;24.5200;0.0000;    0;   15
2017-01-23 11:40:00;0.0000;170.5300;    0;    0;    0;    0;    0;    0;    0;25.0700;0.0000;    0;   14
2017-01-23 11:41:00;0.0000;170.5300;    0;    0;    0;    0;    0;    0;    0;25.0700;0.0000;    0;   13
2017-01-23 11:42:00;0.0000;170.5300;    0;    0;    0;    0;    0;    0;    0;24.5200;0.0000;    0;   14
2017-01-23 11:43:00;0.0000;170.5300;    0;    0;    0;    0;    0;    0;    0;24.4200;0.0000;    0;   15
2017-01-23 11:44:00;0.0000;170.5300;    0;    0;    0;    0;    0;    0;    0;24.6100;0.0000;    0;   16
2017-01-23 11:45:00;0.0000;170.5300;    0;    0;    0;    0;    0;    0;    0;24.9700;0.0000;    0;   19
2017-01-23 11:46:00;0.0000;170.5300;    0;    0;    0;    0;    0;    0;    0;24.8800;0.0000;    0;   19
2017-01-23 11:47:00;0.0000;170.5300;    0;    0;    0;    0;    0;    0;    0;25.2600;0.0000;    0;   18
2017-01-23 11:48:00;0.0000;170.5300;    0;    0;    0;    0;    0;    0;    0;24.7000;0.0000;    0;   17
2017-01-23 11:49:00;0.0000;170.5300;    0;    0;    0;    0;    0;    0;    0;24.7900;0.0000;    0;   16
2017-01-23 11:50:00;0.0000;170.5300;    0;    0;    0;    0;    0;    0;    0;24.9700;0.0000;    0;   20
2017-01-23 11:51:00;0.0000;170.5300;    0;    0;    0;    0;    0;    0;    0;25.7300;0.0000;    0;   21
2017-01-23 11:52:00;0.0000;170.5300;    0;    0;    0;    0;    0;    0;    0;26.0100;0.0000;    0;   21
2017-01-23 11:53:00;0.0000;170.5300;    0;    0;    0;    0;    0;    0;    0;25.9200;0.0000;    0;   20
2017-01-23 11:54:00;0.0000;170.5300;    0;    0;    0;    0;    0;    0;    0;25.3600;0.0000;    0;   19
2017-01-23 11:55:00;0.0000;170.5300;    0;    0;    0;    0;    0;    0;    0;25.2600;0.0000;    0;   18
2017-01-23 11:56:00;0.0000;170.5300;    0;    0;    0;    0;    0;    0;    0;25.4500;0.0000;    0;   17
2017-01-23 11:57:00;0.0000;170.5300;    0;    0;    0;    0;    0;    0;    0;25.7300;0.0000;    0;   16
2017-01-23 11:58:00;0.0000;170.5300;    0;    0;    0;    0;    0;    0;    0;25.8300;0.0000;    0;   16
2017-01-23 11:59:00;0.0000;170.5300;    0;    0;    0;    0;    0;    0;    0;25.9200;0.0000;    0;   15
2017-01-23 12:00:00;0.0000;170.5300;    0;    0;    0;    0;    0;    0;    0;25.8300;0.0000;    0;   14
2017-01-23 12:01:00;0.0000;170.5300;    0;    0;    0;    0;    0;    0;    0;26.0100;0.0000;    0;   14
2017-01-23 12:02:00;0.0000;170.5300;    0;    0;    0;    0;    0;    0;    0;26.0100;0.0000;    0;   13
2017-01-23 12:03:00;0.0000;170.5300;    0;    0;    0;    0;    0;    0;    0;25.6400;0.0000;    0;   12
2017-01-23 12:04:00;0.0000;170.5300;    0;    0;    0;    0;    0;    0;    0;26.0100;0.0000;    0;   12
2017-01-23 12:05:00;0.0000;170.5300;    0;    0;    0;    0;    0;    0;    0;26.1100;0.0000;    0;   11
2017-01-23 12:06:00;0.0000;170.5300;    0;    0;    0;    0;    0;    0;    0;25.9200;0.0000;    0;   10
2017-01-23 12:07:00;0.0000;170.5300;    0;    0;    0;    0;    0;    0;    0;26.3000;0.0000;    0;    9
2017-01-23 12:08:00;0.0000;170.5300;    0;    0;    0;    0;    0;    0;    0;26.5900;0.0000;    0;    8
2017-01-23 12:09:00;0.0000;170.5300;    0;    0;    0;    0;    0;    0;    0;26.5900;0.0000;    0;    7
2017-01-23 12:10:00;0.0000;170.5300;    0;    0;    0;    0;    0;    0;    0;26.4000;0.0000;    0;    7
2017-01-23 12:11:00;0.0000;170.5300;    0;    0;    0;    0;    0;    0;    0;25.9200;0.0000;    0;    9
2017-01-23 12:12:00;0.0000;170.5300;    0;    0;    0;    0;    0;    0;    0;25.4500;0.0000;    0;   11
2017-01-23 12:13:00;0.0000;170.5300;    0;    0;    0;    0;    0;    0;    0;25.5400;0.0000;    0;   11
2017-01-23 12:14:00;0.0000;170.5300;    0;    0;    0;    0;    0;    0;    0;25.3600;0.0000;    0;   11
2017-01-23 12:15:00;0.0000;170.5300;    0;    0;    0;    0;    0;    0;    0;25.8300;0.0000;    0;   11
2017-01-23 12:16:00;0.0000;170.5300;    0;    0;    0;    0;    0;    0;    0;26.5000;0.0000;    0;   10
2017-01-23 12:17:00;0.0000;170.5300;    0;    0;    0;    0;    0;    0;    0;26.2100;0.0000;    0;    9
2017-01-23 12:18:00;0.0000;170.5300;    0;    0;    0;    0;    0;    0;    0;25.4500;0.0000;    0;   15
2017-01-23 12:19:00;0.0100;170.5400;   60;    0;    6;    0;    0;    0;    0;25.3600;0.0236;    0;    1
2017-01-23 12:20:00;0.0000;170.5400;   60;    6;   16;    0;    0;    1;    0;25.6400;0.0000;    0;   21
2017-01-23 12:21:00;0.0100;170.5500;   60;    0;    7;    0;    0;    1;    0;26.0100;0.0236;    0;    8
2017-01-23 12:22:00;0.0100;170.5600;   60;    0;   10;    0;    0;    1;    0;26.0100;0.0000;    0;    0
2017-01-23 12:23:00;0.0000;170.5600;   60;    0;    9;    0;    0;    1;    0;25.3600;0.0236;    0;   11
2017-01-23 12:24:00;0.0100;170.5700;   60;    0;    0;    0;    0;    0;    0;25.3600;0.0236;    0;    0
2017-01-23 12:25:00;0.0000;170.5700;   60;    0;    0;    0;    0;    0;    0;25.9200;0.0000;    0;    0
2017-01-23 12:26:00;0.0000;170.5700;    0;    0;    0;    0;    0;    0;    0;26.2100;0.0000;    0;    0
2017-01-23 12:27:00;0.0000;170.5700;    0;    0;    0;    0;    0;    0;    0;26.0100;0.0000;    0;    0
2017-01-23 12:28:00;0.0000;170.5700;    0;    0;    0;    0;    0;    0;    0;26.4000;0.0000;    0;    0
2017-01-23 12:29:00;0.0000;170.5700;    0;    0;    0;    0;    0;    0;    0;26.5000;0.0000;    0;    0
2017-01-23 12:30:00;0.0000;170.5700;    0;    0;    0;    0;    0;    0;    0;26.3000;0.0000;    0;    0
2017-01-23 12:31:00;0.0000;170.5700;    0;    0;    0;    0;    0;    0;    0;26.3000;0.0000;    0;    0
2017-01-23 12:32:00;0.0000;170.5700;    0;    0;    0;    0;    0;    0;    0;26.4000;0.0000;    0;    0
2017-01-23 12:33:00;0.0000;170.5700;    0;    0;    0;    0;    0;    0;    0;26.8800;0.0000;    0;    0
2017-01-23 12:34:00;0.0000;170.5700;    0;    0;    0;    0;    0;    0;    0;26.4000;0.0000;    0;    0
2017-01-23 12:35:00;0.0000;170.5700;    0;    0;    0;    0;    0;    0;    0;26.7900;0.0000;    0;    0
2017-01-23 12:36:00;0.0000;170.5700;    0;    0;    0;    0;    0;    0;    0;26.9800;0.0000;    0;    0
2017-01-23 12:37:00;0.0000;170.5700;    0;    0;    0;    0;    0;    0;    0;26.5000;0.0000;    0;    0
2017-01-23 12:38:00;0.0000;170.5700;    0;    0;    0;    0;    0;    0;    0;26.8800;0.0000;    0;    0
2017-01-23 12:39:00;0.0000;170.5700;    0;    0;    0;    0;    0;    0;    0;26.6900;0.0000;    0;    1
2017-01-23 12:40:00;0.0000;170.5700;    0;    0;    0;    0;    0;    0;    0;28.5700;0.0000;    0;    0
2017-01-23 12:41:00;0.0000;170.5700;    0;    0;    0;    0;    0;    0;    0;28.2700;0.0000;    0;    1
2017-01-23 12:42:00;0.0000;170.5700;    0;    0;    0;    0;    0;    0;    0;27.3700;0.0000;    0;    0
2017-01-23 12:43:00;0.0000;170.5700;    0;    0;    0;    0;    0;    0;    0;27.6700;0.0000;    0;    0
2017-01-23 12:44:00;0.0000;170.5700;    0;    0;    0;    0;    0;    0;    0;27.2700;0.0000;    0;    0
2017-01-23 12:45:00;0.0000;170.5700;    0;    0;    0;    0;    0;    0;    0;27.0800;0.0000;    0;    0
2017-01-23 12:46:00;0.0000;170.5700;    0;    0;    0;    0;    0;    0;    0;27.0800;0.0000;    0;    0
2017-01-23 12:47:00;0.0000;170.5700;    0;    0;    0;    0;    0;    0;    0;27.7700;0.0000;    0;    0
2017-01-23 12:48:00;0.0000;170.5700;    0;    0;    0;    0;    0;    0;    0;27.5700;0.0000;    0;    0
2017-01-23 12:49:00;0.0000;170.5700;    0;    0;    0;    0;    0;    0;    0;26.8800;0.0000;    0;    0
2017-01-23 12:50:00;0.0000;170.5700;    0;    0;    0;    0;    0;    0;    0;27.0800;0.0000;    0;    0
2017-01-23 12:51:00;0.0000;170.5700;    0;    0;    0;    0;    0;    0;    0;27.4700;0.0000;    0;    0
2017-01-23 12:52:00;0.0000;170.5700;    0;    0;    0;    0;    0;    0;    0;28.3700;0.0000;    0;    0
2017-01-23 12:53:00;0.0000;170.5700;    0;    0;    0;    0;    0;    0;    0;29.4900;0.0000;    0;    2
2017-01-23 12:54:00;0.0000;170.5700;    0;    0;    0;    0;    0;    0;    0;29.5900;0.0000;    0;    2
2017-01-23 12:55:00;0.0000;170.5700;    0;    0;    0;    0;    0;    0;    0;29.8000;0.0000;    0;    1
2017-01-23 12:56:00;0.0000;170.5700;    0;    0;    0;    0;    0;    0;    0;29.1800;0.0000;    0;    0
2017-01-23 12:57:00;0.0000;170.5700;    0;    0;    0;    0;    0;    0;    0;27.6700;0.0000;    0;    0
2017-01-23 12:58:00;0.0000;170.5700;    0;    0;    0;    0;    0;    0;    0;27.7700;0.0000;    0;    0
2017-01-23 12:59:00;0.0000;170.5700;    0;    0;    0;    0;    0;    0;    0;29.9000;0.0000;    0;    0
2017-01-23 13:00:00;0.0000;170.5700;    0;    0;    0;    0;    0;    0;    0;30.9600;0.0000;    0;    0
2017-01-23 13:01:00;0.0000;170.5700;    0;    0;    0;    0;    0;    0;    0;30.5300;0.0000;    0;    0
2017-01-23 13:02:00;0.0000;170.5700;    0;    0;    0;    0;    0;    0;    0;29.9000;0.0000;    0;    0
2017-01-23 13:03:00;0.0000;170.5700;    0;    0;    0;    0;    0;    0;    0;30.1100;0.0000;    0;    0
2017-01-23 13:04:00;0.0000;170.5700;    0;    0;    0;    0;    0;    0;    0;30.9600;0.0000;    0;    1
2017-01-23 13:05:00;0.0000;170.5700;    0;    0;    0;    0;    0;    0;    0;30.8500;0.0000;    0;    2
2017-01-23 13:06:00;0.0000;170.5700;    0;    8;    0;    0;    0;    0;    0;28.8700;0.0000;    0;    9
2017-01-23 13:07:00;0.0000;170.5700;    0;    0;    0;    0;    0;    0;    0;28.9700;0.0000;    0;   10
2017-01-23 13:08:00;0.0000;170.5700;    0;    0;    0;    0;    0;    0;    0;29.8000;0.0000;    0;    9
2017-01-23 13:09:00;0.0000;170.5700;    0;    0;    0;    0;    0;    0;    0;31.2800;0.0000;    0;    8
2017-01-23 13:10:00;0.0000;170.5700;    0;    0;    0;    0;    0;    0;    0;32.1500;0.0000;    0;    8
2017-01-23 13:11:00;0.0000;170.5700;    0;   13;    0;    0;    1;    0;    0;30.4300;0.0000;    0;   22
2017-01-23 13:12:00;0.0000;170.5700;    0;   82;    0;    0;    1;    0;    0;30.6400;0.0000;    0;  110
2017-01-23 13:13:00;0.0000;170.5700;    0;   15;    0;    0;    0;    0;    0;28.8700;0.0000;    0;  116
2017-01-23 13:14:00;0.0000;170.5700;    0;    0;    0;    0;    0;    0;    0;27.8600;0.0000;    0;  119
2017-01-23 13:15:00;0.0000;170.5700;    0;    8;    0;    0;    0;    0;    0;27.9600;0.0000;    0;  122
2017-01-23 13:16:00;0.0000;170.5700;    0;    0;    0;    0;    0;    0;    0;28.3700;0.0000;    0;  125
2017-01-23 13:17:00;0.0000;170.5700;    0;   20;    0;    0;    1;    0;    0;28.6700;0.0000;    0;  144
2017-01-23 13:18:00;0.0000;170.5700;    0;    0;    0;    0;    0;    0;    0;29.0700;0.0000;    0;  144
2017-01-23 13:19:00;0.0000;170.5700;    0;    0;    0;    0;    0;    0;    0;28.3700;0.0000;    0;  148
2017-01-23 13:20:00;0.0000;170.5700;    0;    0;    0;    0;    0;    0;    0;29.8000;0.0000;    0;  155
2017-01-23 13:21:00;0.0000;170.5700;    0;   25;    0;    0;    0;    0;    0;31.0600;0.0000;    0;  172
2017-01-23 13:22:00;0.0000;170.5700;    0;    0;    0;    0;    0;    0;    0;31.7200;0.0000;    0;  173
2017-01-23 13:23:00;0.0000;170.5700;    0;   74;    0;    0;    0;    0;    0;32.4900;0.0000;    0;  245
2017-01-23 13:24:00;0.0000;170.5700;    0;    0;    0;    0;    0;    0;    0;31.0600;0.0000;    0;  245
2017-01-23 13:25:00;0.0000;170.5700;    0;   32;    0;    0;    1;    0;    0;31.7200;0.0000;    0;  277
2017-01-23 13:26:00;0.0000;170.5700;    0;   35;    0;    0;    1;    0;    0;30.3200;0.0000;    0;  313
2017-01-23 13:27:00;0.0000;170.5700;    0;   23;    0;    0;    0;    0;    0;29.8000;0.0000;    0;  334
2017-01-23 13:28:00;0.0100;170.5800;   60;   51;    0;    0;    1;    0;    0;30.5300;0.0000;    0;   12
2017-01-23 13:29:00;0.0000;170.5800;   60;   42;    0;    0;    0;    0;    0;30.0000;0.0236;    0;   54
2017-01-23 13:30:00;0.0000;170.5800;    0;  124;    0;    0;    1;    0;    0;31.3900;0.0000;    0;  178
2017-01-23 13:31:00;0.0000;170.5800;    0;   19;    0;    0;    1;    0;    0;30.6400;0.0000;    0;  194
2017-01-23 13:32:00;0.0000;170.5800;    0;   52;    0;    0;    0;    0;    0;31.1700;0.0000;    0;  248
2017-01-23 13:33:00;0.0000;170.5800;    0;   16;    0;    0;    0;    0;    0;31.1700;0.0000;    0;  261
2017-01-23 13:34:00;0.0000;170.5800;    0;    0;    0;    0;    0;    0;    0;31.9300;0.0000;    0;  261
2017-01-23 13:35:00;0.0000;170.5800;    0;   37;    0;    0;    0;    0;    0;30.8500;0.0000;    0;  296
2017-01-23 13:36:00;0.0000;170.5800;    0;   32;    0;    0;    1;    0;    0;30.1100;0.0000;    0;  328
2017-01-23 13:37:00;0.0100;170.5900;   60;   46;    0;    0;    1;    0;    0;30.1100;0.0000;    0;   19
2017-01-23 13:38:00;0.0000;170.5900;   60;   19;    0;    0;    0;    0;    0;30.5300;0.0236;    0;   40
2017-01-23 13:39:00;0.0000;170.5900;    0;   17;    0;    0;    1;    0;    0;30.1100;0.0000;    0;   51
2017-01-23 13:40:00;0.0000;170.5900;    0;    0;    0;    0;    0;    0;    0;29.4900;0.0000;    0;   50
2017-01-23 13:41:00;0.0000;170.5900;    0;    0;    0;    0;    0;    0;    0;30.5300;0.0000;    0;   54
2017-01-23 13:42:00;0.0000;170.5900;    0;    0;    0;    0;    0;    0;    0;31.1700;0.0000;    0;   53
2017-01-23 13:43:00;0.0000;170.5900;    0;   73;    0;    0;    1;    0;    0;31.5000;0.0000;    0;  129
2017-01-23 13:44:00;0.0000;170.5900;    0;  112;    0;    0;    1;    0;    0;31.7200;0.0000;    0;  248
2017-01-23 13:45:00;0.0000;170.5900;    0;   77;    0;    0;    1;    0;    0;31.1700;0.0000;    0;  329
2017-01-23 13:46:00;0.0100;170.6000;   60;  119;    0;    0;    1;    0;    0;32.0400;0.0236;    0;   36
2017-01-23 13:47:00;0.0000;170.6000;   60;   53;    0;    0;    0;    0;    0;31.2800;0.0000;    0;   85
2017-01-23 13:48:00;0.0000;170.6000;    0;   36;    0;    0;    0;    0;    0;29.5900;0.0000;    0;  117
2017-01-23 13:49:00;0.0000;170.6000;    0;   20;    0;    0;    0;    0;    0;30.2200;0.0000;    0;  147
2017-01-23 13:50:00;0.0000;170.6000;    0;   24;    0;    0;    0;    0;    0;31.1700;0.0000;    0;  159
2017-01-23 13:51:00;0.0000;170.6000;    0;   57;    0;    0;    0;    0;    0;31.0600;0.0000;    0;  215
2017-01-23 13:52:00;0.0000;170.6000;    0;    8;    0;    0;    0;    0;    0;30.2200;0.0000;    0;  225
2017-01-23 13:53:00;0.0000;170.6000;    0;  109;    0;    0;    1;    0;    0;31.5000;0.0000;    0;  333
2017-01-23 13:54:00;0.0100;170.6100;   60;   68;    0;    0;    1;    0;    0;31.3900;0.0000;    0;    3
2017-01-23 13:55:00;0.0100;170.6200;   60;   10;    0;    0;    1;    0;    0;32.3800;0.0236;    0;    3
2017-01-23 13:56:00;0.0100;170.6300;   60;   62;    0;    0;    0;    0;    0;31.8300;0.0472;    0;   60
2017-01-23 13:57:00;0.0000;170.6300;   60;  137;    0;    0;    1;    0;    0;32.0400;0.0000;    0;  193
2017-01-23 13:58:00;0.0100;170.6400;   60;   83;    0;    0;    1;    0;    0;32.0400;0.0000;    0;   38
2017-01-23 13:59:00;0.0000;170.6400;   60;   38;    0;    0;    1;    0;    0;30.9600;0.0236;    0;   64
2017-01-23 14:00:00;0.0000;170.6400;    0;    0;    0;    0;    0;    0;    0;29.6900;0.0000;    0;   63
2017-01-23 14:01:00;0.0000;170.6400;    0;    0;    0;    0;    0;    0;    0;29.6900;0.0000;    0;   62
2017-01-23 14:02:00;0.0000;170.6400;    0;    0;    0;    0;    0;    0;    0;30.7500;0.0000;    0;   62
2017-01-23 14:03:00;0.0000;170.6400;    0;    0;    0;    0;    0;    0;    0;31.8300;0.0000;    0;   63
2017-01-23 14:04:00;0.0000;170.6400;    0;    0;    0;    0;    0;    0;    0;32.0400;0.0000;    0;   62
2017-01-23 14:05:00;0.0000;170.6400;    0;    0;    0;    0;    0;    0;    0;31.5000;0.0000;    0;   62
2017-01-23 14:06:00;0.0000;170.6400;    0;   29;    0;    0;    0;    0;    0;31.1700;0.0000;    0;   96
2017-01-23 14:07:00;0.0000;170.6400;    0;   26;    0;    0;    0;    0;    0;30.5300;0.0000;    0;  115
2017-01-23 14:08:00;0.0000;170.6400;    0;    0;    0;    0;    0;    0;    0;30.4300;0.0000;    0;  118
2017-01-23 14:09:00;0.0000;170.6400;    0;   44;    0;    0;    1;    0;    0;30.4300;0.0000;    0;  171
2017-01-23 14:10:00;0.0000;170.6400;    0;   65;    0;    0;    0;    0;    0;30.5300;0.0000;    0;  225
2017-01-23 14:11:00;0.0000;170.6400;    0;    0;    0;    0;    0;    0;    0;30.2200;0.0000;    0;  231
2017-01-23 14:12:00;0.0000;170.6400;    0;  116;    0;    0;    1;    0;    0;31.6100;0.0000;    0;  353
2017-01-23 14:13:00;0.0100;170.6500;   60;   86;    0;    0;    0;    0;    0;31.9300;0.0236;    0;   39
2017-01-23 14:14:00;0.0000;170.6500;   60;    0;    0;    0;    0;    0;    0;29.3900;0.0000;    0;   40
2017-01-23 14:15:00;0.0000;170.6500;    0;   32;    0;    0;    0;    0;    0;30.1100;0.0000;    0;   71
2017-01-23 14:16:00;0.0000;170.6500;    0;   27;    0;    0;    1;    0;    0;30.7500;0.0000;    0;   96
2017-01-23 14:17:00;0.0000;170.6500;    0;   11;    0;    0;    0;    0;    0;30.1100;0.0000;    0;  106
2017-01-23 14:18:00;0.0000;170.6500;    0;    0;    0;    0;    0;    0;    0;30.6400;0.0000;    0;  119
2017-01-23 14:19:00;0.0000;170.6500;    0;   83;    0;    0;    1;    0;    0;30.1100;0.0000;    0;  192
2017-01-23 14:20:00;0.0000;170.6500;    0;   77;    0;    0;    1;    0;    0;30.2200;0.0000;    0;  269
2017-01-23 14:21:00;0.0100;170.6600;   60;   53;    0;    0;    0;    0;    0;29.5900;0.0000;    0;    7
2017-01-23 14:22:00;0.0000;170.6600;   60;   81;    0;    0;    1;    0;    0;30.8500;0.0236;    0;   82
2017-01-23 14:23:00;0.0000;170.6600;   60;  126;    0;    0;    1;    0;    0;31.7200;0.0000;    0;  215
2017-01-23 14:24:00;0.0000;170.6600;    0;  112;    0;    0;    1;    0;    0;30.8500;0.0000;    0;  322
2017-01-23 14:25:00;0.0100;170.6700;   60;   65;    0;    0;    1;    0;    0;30.6400;0.0000;    0;   10
2017-01-23 14:26:00;0.1000;170.7700;   60;  134;    0;    0;    1;    0;    0;31.1700;0.2598;    0;   75
2017-01-23 14:27:00;0.0000;170.7700;   60;   97;    0;    0;    1;    0;    0;30.4300;0.0000;    0;  166
2017-01-23 14:28:00;0.0100;170.7800;   60;  116;    0;    0;    1;    0;    0;30.7500;0.0236;    0;   68
2017-01-23 14:29:00;0.0000;170.7800;   60;   80;    0;    0;    1;    0;    0;30.4300;0.0000;    0;  149
2017-01-23 14:30:00;0.0000;170.7800;    0;   48;    0;    0;    1;    0;    0;30.0000;0.0000;    0;  190
2017-01-23 14:31:00;0.0000;170.7800;    0;   75;    0;    0;    1;    0;    0;30.2200;0.0000;    0;  265
2017-01-23 14:32:00;0.0000;170.7800;    0;   10;    0;    0;    0;    0;    0;29.2800;0.0000;    0;  278
2017-01-23 14:33:00;0.0000;170.7800;    0;   40;    0;    0;    0;    0;    0;30.3200;0.0000;    0;  320
2017-01-23 14:34:00;0.0100;170.7900;   60;  170;    0;    0;    1;    0;    0;31.2800;0.0236;    0;  124
2017-01-23 14:35:00;0.0000;170.7900;   60;   21;    0;    0;    0;    0;    0;30.6400;0.0000;    0;  139
2017-01-23 14:36:00;0.0000;170.7900;    0;    0;    0;    0;    0;    0;    0;30.8500;0.0000;    0;  139
2017-01-23 14:37:00;0.0000;170.7900;    0;   44;    0;    0;    1;    0;    0;31.5000;0.0000;    0;  185
2017-01-23 14:38:00;0.0000;170.7900;    0;   36;    0;    0;    0;    0;    0;31.7200;0.0000;    0;  221
2017-01-23 14:39:00;0.0000;170.7900;    0;    8;    0;    0;    0;    0;    0;30.9600;0.0000;    0;  224
2017-01-23 14:40:00;0.0000;170.7900;    0;   35;    0;    0;    0;    0;    0;30.9600;0.0000;    0;  261
2017-01-23 14:41:00;0.0000;170.7900;    0;   12;    0;    0;    0;    0;    0;30.6400;0.0000;    0;  269
2017-01-23 14:42:00;0.0000;170.7900;    0;   11;    0;    0;    0;    0;    0;30.5300;0.0000;    0;  283
2017-01-23 14:43:00;0.0000;170.7900;    0;    0;    0;    0;    0;    0;    0;30.5300;0.0000;    0;  282
2017-01-23 14:44:00;0.0000;170.7900;    0;   25;    0;    0;    1;    0;    0;31.3900;0.0000;    0;  317
2017-01-23 14:45:00;0.0100;170.8000;   60;   65;    0;    0;    1;    0;    0;31.6100;0.0000;    0;   11
2017-01-23 14:46:00;0.0000;170.8000;   60;   52;    0;    0;    1;    0;    0;32.3800;0.0236;    0;   65
2017-01-23 14:47:00;0.0000;170.8000;    0;  121;    0;    0;    1;    0;    0;33.0500;0.0000;    0;  182
2017-01-23 14:48:00;0.0100;170.8100;   60;  103;    0;    0;    1;    0;    0;32.4900;0.0000;    0;    5
2017-01-23 14:49:00;0.0000;170.8100;   60;  115;    0;    0;    1;    0;    0;33.0500;0.0236;    0;  116
2017-01-23 14:50:00;0.0000;170.8100;   60;  130;    0;    0;    1;    0;    0;32.3800;0.0000;    0;  253
2017-01-23 14:51:00;0.0000;170.8100;    0;  150;    0;    0;    1;    0;    0;32.3800;0.0000;    0;  396
2017-01-23 14:52:00;0.0100;170.8200;   60;  125;    0;    0;    1;    0;    0;32.6000;0.0236;    0;  104
2017-01-23 14:53:00;0.0000;170.8200;   60;   65;    0;    0;    1;    0;    0;32.9300;0.0000;    0;  163
2017-01-23 14:54:00;0.0000;170.8200;    0;   89;    0;    0;    1;    0;    0;32.8200;0.0000;    0;  251
2017-01-23 14:55:00;0.0000;170.8200;    0;    0;    0;    0;    0;    0;    0;31.2800;0.0000;    0;  250
2017-01-23 14:56:00;0.0000;170.8200;    0;    0;    0;    0;    0;    0;    0;30.7500;0.0000;    0;  249
2017-01-23 14:57:00;0.0000;170.8200;    0;    0;    0;    0;    0;    0;    0;30.3200;0.0000;    0;  248
2017-01-23 14:58:00;0.0000;170.8200;    0;    0;    0;    0;    0;    0;    0;30.5300;0.0000;    0;  247
2017-01-23 14:59:00;0.0000;170.8200;    0;    0;    0;    0;    0;    0;    0;31.2800;0.0000;    0;  246
2017-01-23 15:00:00;0.0000;170.8200;    0;    0;    0;    0;    0;    0;    0;31.2800;0.0000;    0;  247
2017-01-23 15:01:00;0.0100;170.8300;   60;   56;    0;    0;    1;    0;    0;32.7100;0.0000;    0;   22
2017-01-23 15:02:00;0.0000;170.8300;   60;   11;    0;    0;    0;    0;    0;32.0400;0.0236;    0;   31
2017-01-23 15:03:00;0.0000;170.8300;    0;    0;    0;    0;    0;    0;    0;32.2700;0.0000;    0;   31
2017-01-23 15:04:00;0.0000;170.8300;    0;    0;    0;    0;    0;    0;    0;33.0500;0.0000;    0;   30
2017-01-23 15:05:00;0.0000;170.8300;    0;    7;    0;    0;    0;    0;    0;33.1600;0.0000;    0;   36
2017-01-23 15:06:00;0.0000;170.8300;    0;   64;    0;    0;    1;    0;    0;33.7400;0.0000;    0;  103
2017-01-23 15:07:00;0.0000;170.8300;    0;   59;    0;    0;    1;    0;    0;32.8200;0.0000;    0;  159
2017-01-23 15:08:00;0.0000;170.8300;    0;   74;    0;    0;    1;    0;    0;32.3800;0.0000;    0;  243
2017-01-23 15:09:00;0.0000;170.8300;    0;   43;    0;    0;    0;    0;    0;34.0800;0.0000;    0;  275
2017-01-23 15:10:00;0.0000;170.8300;    0;    0;    0;    0;    0;    0;    0;32.7100;0.0000;    0;  274
2017-01-23 15:11:00;0.0000;170.8300;    0;    0;    0;    0;    0;    0;    0;32.7100;0.0000;    0;  273
2017-01-23 15:12:00;0.0200;170.8500;   60;   66;    0;    0;    1;    0;    0;33.7400;0.0000;    0;   22
2017-01-23 15:13:00;0.0000;170.8500;   60;   58;    0;    0;    1;    0;    0;33.2800;0.0472;    0;   79
2017-01-23 15:14:00;0.0000;170.8500;    0;   31;    0;    0;    1;    0;    0;32.9300;0.0000;    0;  107
2017-01-23 15:15:00;0.0100;170.8600;   60;   53;    0;    0;    1;    0;    0;33.0500;0.0000;    0;   26
2017-01-23 15:16:00;0.0000;170.8600;   60;   53;    0;    0;    1;    0;    0;32.2700;0.0236;    0;   72
2017-01-23 15:17:00;0.0000;170.8600;    0;   87;    0;    0;    0;    0;    0;34.0800;0.0000;    0;  155
2017-01-23 15:18:00;0.0000;170.8600;    0;    0;    0;    0;    0;    0;    0;32.2700;0.0000;    0;  157
2017-01-23 15:19:00;0.0000;170.8600;    0;    0;    0;    0;    0;    0;    0;32.2700;0.0000;    0;  156
2017-01-23 15:20:00;0.0000;170.8600;    0;    0;    0;    0;    0;    0;    0;32.0400;0.0000;    0;  156
2017-01-23 15:21:00;0.0000;170.8600;    0;    6;    0;    0;    0;    0;    0;31.8300;0.0000;    0;  161
2017-01-23 15:22:00;0.0000;170.8600;    0;    0;    0;    0;    0;    0;    0;31.9300;0.0000;    0;  161
2017-01-23 15:23:00;0.0000;170.8600;    0;   20;    0;    0;    0;    0;    0;32.8200;0.0000;    0;  179
2017-01-23 15:24:00;0.0000;170.8600;    0;   21;    0;    0;    1;    0;    0;31.1700;0.0000;    0;  208
2017-01-23 15:25:00;0.0000;170.8600;    0;   25;    0;    0;    0;    0;    0;30.7500;0.0000;    0;  227
2017-01-23 15:26:00;0.0000;170.8600;    0;   68;    0;    0;    1;    0;    0;30.9600;0.0000;    0;  299
2017-01-23 15:27:00;0.0000;170.8600;    0;   42;    0;    0;    0;    0;    0;30.7500;0.0000;    0;  331
2017-01-23 15:28:00;0.0000;170.8600;    0;    0;    0;    0;    0;    0;    0;30.4300;0.0000;    0;  330
2017-01-23 15:29:00;0.0000;170.8600;    0;    0;    0;    0;    0;    0;    0;30.4300;0.0000;    0;  329
2017-01-23 15:30:00;0.0000;170.8600;    0;    0;    0;    0;    0;    0;    0;30.7500;0.0000;    0;  328
2017-01-23 15:31:00;0.0000;170.8600;    0;   21;    0;    0;    0;    0;    0;31.3900;0.0000;    0;  348
2017-01-23 15:32:00;0.0000;170.8600;    0;    0;    0;    0;    0;    0;    0;30.5300;0.0000;    0;  347
2017-01-23 15:33:00;0.0000;170.8600;    0;    0;    0;    0;    0;    0;    0;29.8000;0.0000;    0;  346
2017-01-23 15:34:00;0.0000;170.8600;    0;    0;    0;    0;    0;    0;    0;30.2200;0.0000;    0;  345
2017-01-23 15:35:00;0.0000;170.8600;    0;    0;    0;    0;    0;    0;    0;30.4300;0.0000;    0;  344
2017-01-23 15:36:00;0.0000;170.8600;    0;    0;    0;    0;    0;    0;    0;30.2200;0.0000;    0;  343
2017-01-23 15:37:00;0.0000;170.8600;    0;   33;    0;    0;    0;    0;    0;29.8000;0.0000;    0;  376
2017-01-23 15:38:00;0.0000;170.8600;    0;    2;    0;    0;    0;    0;    0;30.3200;0.0000;    0;  376
2017-01-23 15:39:00;0.0000;170.8600;    0;    0;    0;    0;    0;    0;    0;29.3900;0.0000;    0;  375
2017-01-23 15:40:00;0.0000;170.8600;    0;    0;    0;    0;    0;    0;    0;28.7700;0.0000;    0;  374
2017-01-23 15:41:00;0.0000;170.8600;    0;    0;    0;    0;    0;    0;    0;28.3700;0.0000;    0;  373
2017-01-23 15:42:00;0.0000;170.8600;    0;    0;    0;    0;    0;    0;    0;28.0600;0.0000;    0;  374
2017-01-23 15:43:00;0.0000;170.8600;    0;    0;    0;    0;    0;    0;    0;27.9600;0.0000;    0;  373
2017-01-23 15:44:00;0.0000;170.8600;    0;    0;    0;    0;    0;    0;    0;27.5700;0.0000;    0;  381
2017-01-23 15:45:00;0.0100;170.8700;   60;    0;    7;    0;    0;    1;    0;27.4700;0.0000;    0;    0
2017-01-23 15:46:00;0.0000;170.8700;   60;    0;    0;    0;    0;    0;    0;27.6700;0.0236;    0;    4
2017-01-23 15:47:00;0.0000;170.8700;   60;    0;    0;    0;    0;    0;    0;27.5700;0.0000;    0;    7
2017-01-23 15:48:00;0.0000;170.8700;    0;    0;    0;    0;    0;    0;    0;27.2700;0.0000;    0;    8
2017-01-23 15:49:00;0.0100;170.8800;   60;   13;   11;    0;    1;    0;    0;27.1800;0.0000;    0;    5
2017-01-23 15:50:00;0.0200;170.9000;   60;   39;   47;    0;    1;    1;    0;27.1800;0.0472;    0;   13
2017-01-23 15:51:00;0.0100;170.9100;   60;   15;   21;    0;    0;    1;    0;27.0800;0.0236;    0;    5
2017-01-23 15:52:00;0.0000;170.9100;   60;   15;   16;    0;    1;    1;    0;27.0800;0.0236;    0;   37
2017-01-23 15:53:00;0.0100;170.9200;   60;   20;   23;    0;    1;    1;    0;26.8800;0.0236;    0;   19
2017-01-23 15:54:00;0.0100;170.9300;   60;   32;   33;    0;    1;    1;    0;26.7900;0.0236;    0;   32
2017-01-23 15:55:00;0.0100;170.9400;   60;   31;   30;    0;    1;    1;    0;26.6900;0.0236;    0;   53
2017-01-23 15:56:00;0.0200;170.9600;   60;   25;   29;    0;    1;    1;    0;26.5900;0.0236;    0;   12
2017-01-23 15:57:00;0.0200;170.9800;   60;   18;   54;    0;    0;    1;    0;26.5000;0.0709;    0;   14
2017-01-23 15:58:00;0.0100;170.9900;   60;    8;   37;    0;    0;    1;    0;26.3000;0.0236;    0;   29
2017-01-23 15:59:00;0.0100;171.0000;   60;    8;   19;    0;    0;    1;    0;26.3000;0.0236;    0;   24
2017-01-23 16:00:00;0.0000;171.0000;   60;    9;    3;    0;    1;    0;    0;26.1100;0.0000;    0;   37
2017-01-23 16:01:00;0.0100;171.0100;   60;    0;    0;    0;    0;    0;    0;26.0100;0.0000;    0;    1
2017-01-23 16:02:00;0.0000;171.0100;   60;    0;    0;    0;    0;    0;    0;25.9200;0.0236;    0;    0
2017-01-23 16:03:00;0.0000;171.0100;    0;    0;    0;    0;    0;    0;    0;25.7300;0.0000;    0;    3
2017-01-23 16:04:00;0.0800;171.0900;   60;   59;   45;    0;    1;    1;    0;25.7300;0.0945;    0;    2
2017-01-23 16:05:00;0.0500;171.1400;   60;   53;   29;    0;    1;    1;    0;25.5400;0.1417;    0;    7
2017-01-23 16:06:00;0.0300;171.1700;   60;   69;   43;    0;    1;    1;    0;25.4500;0.0945;    0;   13
2017-01-23 16:07:00;0.0200;171.1900;   60;    6;   30;    0;    0;    1;    0;25.3600;0.0472;    0;    4
2017-01-23 16:08:00;0.0000;171.1900;   60;    0;    8;    0;    0;    1;    0;25.2600;0.0000;    0;   12
2017-01-23 16:09:00;0.0000;171.1900;    0;    0;    2;    0;    0;    0;    0;25.1700;0.0000;    0;   17
2017-01-23 16:10:00;0.0100;171.2000;   60;    0;    6;    0;    0;    0;    0;25.0700;0.0236;    0;    6
2017-01-23 16:11:00;0.0100;171.2100;   60;   29;   26;    0;    0;    1;    0;24.8800;0.0000;    0;    8
2017-01-23 16:12:00;0.0100;171.2200;   60;   30;   39;    0;    1;    1;    0;24.9700;0.0472;    1;   39
2017-01-23 16:13:00;0.0300;171.2500;   60;   40;   32;    2;    1;    1;    0;24.8800;0.0709;    0;   31
2017-01-23 16:14:00;0.0100;171.2600;   60;   22;   23;    0;    1;    1;    0;24.7000;0.0236;    0;   31
2017-01-23 16:15:00;0.0200;171.2800;   60;   29;   24;    0;    1;    1;    0;24.7000;0.0236;    0;    6
2017-01-23 16:16:00;0.0000;171.2800;   60;   13;   21;    0;    1;    1;    0;24.6100;0.0236;    0;   38
2017-01-23 16:17:00;0.0300;171.3100;   60;   14;   34;    0;    1;    1;    0;24.6100;0.0472;    0;    4
2017-01-23 16:18:00;0.0200;171.3300;   60;    6;   20;    0;    0;    1;    0;24.4200;0.0709;    0;   17
2017-01-23 16:19:00;0.0100;171.3400;   60;    0;    8;    0;    0;    0;    0;24.4200;0.0236;    0;   14
2017-01-23 16:20:00;0.0200;171.3600;   60;    0;   18;    0;    0;    0;    0;24.2400;0.0236;    0;    2
2017-01-23 16:21:00;0.0100;171.3700;   60;    9;   17;    0;    0;    1;    0;24.1400;0.0236;    0;    5
2017-01-23 16:22:00;0.0100;171.3800;   60;    1;   17;    0;    0;    0;    0;24.2400;0.0236;    0;    0
2017-01-23 16:23:00;0.0300;171.4100;   60;    6;    9;    0;    0;    0;    0;24.2400;0.0472;    0;    1
2017-01-23 16:24:00;0.0100;171.4200;   60;   10;   15;    0;    0;    1;    0;24.1400;0.0709;    0;   10
2017-01-23 16:25:00;0.0100;171.4300;   60;    0;    8;    0;    0;    1;    0;24.0500;0.0236;    0;    5
2017-01-23 16:26:00;0.0000;171.4300;   60;    0;   12;    0;    0;    1;    0;23.9600;0.0000;    0;   18
2017-01-23 16:27:00;0.0100;171.4400;   60;    0;   10;    0;    0;    1;    0;23.9600;0.0236;    0;    5
2017-01-23 16:28:00;0.0000;171.4400;   60;    0;   10;    0;    0;    1;    0;23.9600;0.0000;    0;   17
2017-01-23 16:29:00;0.0000;171.4400;    0;    0;    0;    0;    0;    0;    0;23.8700;0.0000;    0;   22
2017-01-23 16:30:00;0.0000;171.4400;    0;    0;    0;    0;    0;    0;    0;23.7800;0.0000;    0;   23
2017-01-23 16:31:00;0.0000;171.4400;    0;    0;    0;    0;    0;    0;    0;23.7800;0.0000;    0;   22
2017-01-23 16:32:00;0.0000;171.4400;    0;    0;    0;    0;    0;    0;    0;23.6900;0.0000;    0;   21
2017-01-23 16:33:00;0.0000;171.4400;    0;    0;    0;    0;    0;    0;    0;23.5100;0.0000;    0;   20
2017-01-23 16:34:00;0.0000;171.4400;    0;    0;    0;    0;    0;    0;    0;23.5100;0.0000;    0;   19
2017-01-23 16:35:00;0.0000;171.4400;    0;    0;    0;    0;    0;    0;    0;23.4200;0.0000;    0;   19
2017-01-23 16:36:00;0.0000;171.4400;    0;    0;    0;    0;    0;    0;    0;23.5100;0.0000;    0;   19
2017-01-23 16:37:00;0.0000;171.4400;    0;    0;    0;    0;    0;    0;    0;23.4200;0.0000;    0;   18
2017-01-23 16:38:00;0.0300;171.4700;   60;    0;    8;    0;    0;    1;    0;23.3300;0.0709;    0;    5
2017-01-23 16:39:00;0.1500;171.6200;   60;   30;   61;    0;    0;    1;    0;23.4200;0.3071;    0;   12
2017-01-23 16:40:00;0.0600;171.6800;   60;   31;   97;    0;    0;    1;    0;23.3300;0.1417;    0;   10
2017-01-23 16:41:00;0.0200;171.7000;   60;    9;   34;    0;    0;    1;    0;23.3300;0.0472;    0;    0
2017-01-23 16:42:00;0.0100;171.7100;   60;    0;   20;    0;    0;    1;    0;23.2400;0.0472;    0;   21
2017-01-23 16:43:00;0.0000;171.7100;   60;    0;    0;    0;    0;    0;    0;23.2400;0.0000;    0;   24
2017-01-23 16:44:00;0.0100;171.7200;   60;    8;    0;    0;    0;    0;    0;23.3300;0.0236;    0;    8
2017-01-23 16:45:00;0.0000;171.7200;   60;    6;    6;    0;    0;    0;    0;23.2400;0.0000;    0;   23
2017-01-23 16:46:00;0.0200;171.7400;   60;   38;   45;    0;    1;    1;    0;23.1400;0.0236;    0;   20
2017-01-23 16:47:00;0.0400;171.7800;   60;   46;   70;    0;    1;    1;    0;23.1400;0.0945;    0;   12
2017-01-23 16:48:00;0.0500;171.8300;   60;   39;   71;    0;    1;    1;    0;23.0500;0.0945;    0;   14
2017-01-23 16:49:00;0.1100;171.9400;   60;  100;   79;    0;    1;    1;    0;22.9600;0.3071;    0;   31
2017-01-23 16:50:00;0.1300;172.0700;   60;   53;   89;    0;    1;    1;    0;22.8700;0.1181;    0;    2
2017-01-23 16:51:00;0.0600;172.1300;   60;   18;   65;    0;    0;    1;    0;22.8700;0.2362;    0;    2
2017-01-23 16:52:00;0.0400;172.1700;   60;   12;   39;    0;    0;    1;    0;22.8700;0.0945;    0;   13
2017-01-23 16:53:00;0.0300;172.2000;   60;   54;   33;    0;    1;    1;    0;22.7900;0.0709;    0;   12
2017-01-23 16:54:00;0.0600;172.2600;   60;   37;   59;    0;    1;    1;    0;22.7000;0.1181;    0;    2
2017-01-23 16:55:00;0.0500;172.3100;   60;    3;   22;    2;    0;    1;    0;22.7000;0.1417;    0;    8
2017-01-23 16:56:00;0.0300;172.3400;   60;    0;   18;    1;    0;    1;    0;22.6100;0.0472;    0;    7
2017-01-23 16:57:00;0.0300;172.3700;   60;   26;   54;    0;    0;    1;    0;22.6100;0.0709;    0;    7
2017-01-23 16:58:00;0.0200;172.3900;   60;   21;   41;    0;    1;    1;    0;22.5200;0.0472;    0;    4
2017-01-23 16:59:00;0.0300;172.4200;   60;    3;   23;    0;    0;    1;    0;22.5200;0.0709;    0;    4
2017-01-23 17:00:00;0.0000;172.4200;   60;   15;   21;    0;    0;    1;    0;22.4300;0.0236;    0;   36
2017-01-23 17:01:00;0.0100;172.4300;   60;    0;   11;    0;    0;    1;    0;22.3400;0.0236;    0;    9
2017-01-23 17:02:00;0.1100;172.5400;   60;   10;   45;    0;    0;    1;    0;21.9800;0.2126;    0;    3
2017-01-23 17:03:00;0.1200;172.6600;   60;   30;   58;    0;    1;    1;    0;21.8100;0.1181;    0;    7
2017-01-23 17:04:00;0.4700;173.1300;   60;   73;  116;    0;    1;    1;    0;21.7200;1.2283;    0;    1
2017-01-23 17:05:00;0.5800;173.7100;   60;  121;  139;    2;    1;    1;    0;21.4600;1.3228;    0;   10
2017-01-23 17:06:00;0.3300;174.0400;   60;  149;  149;    1;    1;    1;    0;21.2900;0.7087;    0;   14
2017-01-23 17:07:00;0.2900;174.3300;   60;   54;   60;    6;    1;    1;    0;21.2000;0.5433;    0;    4
2017-01-23 17:08:00;0.8000;175.1300;   60;   39;  109;    5;    0;    1;    0;21.1100;1.5827;    1;    6
2017-01-23 17:09:00;0.5000;175.6300;   60;   37;   77;    3;    1;    1;    0;21.1100;1.6535;    0;    3
2017-01-23 17:10:00;0.5900;176.2200;   60;   16;   60;    5;    0;    1;    0;20.9300;1.4173;    0;    1
2017-01-23 17:11:00;0.0700;176.2900;   60;    0;   38;    2;    0;    1;    0;20.9300;0.1181;    0;    7
2017-01-23 17:12:00;0.3900;176.6800;   60;   43;   54;    1;    0;    1;    0;20.8500;0.8976;    0;    2
2017-01-23 17:13:00;0.3200;177.0000;   60;   17;   40;    0;    0;    1;    0;20.7600;0.4724;    0;    0
2017-01-23 17:14:00;0.2700;177.2700;   60;   32;   46;    0;    1;    1;    0;20.8500;0.9449;    0;   11
2017-01-23 17:15:00;0.2800;177.5500;   60;   54;   41;    0;    1;    1;    0;20.7600;0.4016;    0;    2
2017-01-23 17:16:00;0.3100;177.8600;   60;   18;   22;    0;    1;    1;    0;20.7600;0.4961;    0;    3
2017-01-23 17:17:00;0.2900;178.1500;   60;   10;   28;    3;    0;    1;    0;20.5900;1.1339;    0;    2
2017-01-23 17:18:00;0.3700;178.5200;   60;    5;   27;    0;    0;    1;    0;20.5900;0.3307;    0;    0
2017-01-23 17:19:00;0.5700;179.0900;   60;    7;   38;    0;    0;    1;    0;20.5100;1.8189;    0;    0
2017-01-23 17:20:00;0.4200;179.5100;   60;    0;   27;    0;    0;    1;    0;20.4200;1.0630;    0;    5
2017-01-23 17:21:00;0.3800;179.8900;   60;    6;   42;    0;    0;    1;    0;20.3300;0.7559;    0;    0
2017-01-23 17:22:00;0.3100;180.2000;   60;    9;   48;    0;    0;    1;    0;20.4200;0.8504;    0;    7
2017-01-23 17:23:00;0.2400;180.4400;   60;    6;   37;    0;    0;    1;    0;20.3300;0.5197;    0;    3
2017-01-23 17:24:00;0.1500;180.5900;   60;   12;   25;    0;    0;    1;    0;20.2500;0.3780;    0;    3
2017-01-23 17:25:00;0.2500;180.8400;   60;   39;   36;    0;    1;    1;    0;20.3300;0.6142;    0;    1
2017-01-23 17:26:00;0.0400;180.8800;   60;   70;   50;    0;    1;    1;    0;20.2500;0.0709;    0;   15
2017-01-23 17:27:00;0.1800;181.0600;   60;   59;   81;    0;    1;    1;    0;20.2500;0.3071;    0;    2
2017-01-23 17:28:00;0.1500;181.2100;   60;   96;   87;    0;    1;    1;    0;20.2500;0.4016;    0;    0
2017-01-23 17:29:00;0.1000;181.3100;   60;   89;   81;    0;    1;    1;    0;20.2500;0.2835;    0;   22
2017-01-23 17:30:00;0.1200;181.4300;   60;   58;   77;    0;    1;    1;    0;20.2500;0.2598;    0;    2
2017-01-23 17:31:00;0.0600;181.4900;   60;   47;   60;    0;    1;    1;    0;20.2500;0.1181;    0;   22
2017-01-23 17:32:00;0.0900;181.5800;   60;   80;   57;    0;    1;    1;    0;20.1600;0.2126;    0;   34
2017-01-23 17:33:00;0.1400;181.7200;   60;  111;   57;    0;    1;    1;    0;20.1600;0.3071;    0;    6
2017-01-23 17:34:00;0.0500;181.7700;   60;   88;   54;    2;    1;    1;    0;20.1600;0.1417;    0;   32
2017-01-23 17:35:00;0.0600;181.8300;   60;   95;   49;    0;    1;    1;    0;20.1600;0.0945;    0;   11
2017-01-23 17:36:00;0.0500;181.8800;   60;   63;   47;    0;    1;    1;    0;20.1600;0.0945;    0;    1
2017-01-23 17:37:00;0.0300;181.9100;   60;   32;   44;    0;    1;    1;    0;20.2500;0.0945;    0;    5
2017-01-23 17:38:00;0.0400;181.9500;   60;   37;   59;    0;    1;    1;    0;20.1600;0.0945;    0;   15
2017-01-23 17:39:00;0.0700;182.0200;   60;   76;   91;    0;    1;    1;    0;20.1600;0.1417;    0;   10
2017-01-23 17:40:00;0.0800;182.1000;   60;   62;  112;    0;    1;    1;    0;20.2500;0.1654;    0;   11
2017-01-23 17:41:00;0.0700;182.1700;   60;   42;   80;    0;    1;    1;    0;20.2500;0.1181;    0;   11
2017-01-23 17:42:00;0.0400;182.2100;   60;   37;   56;    0;    1;    1;    0;20.2500;0.0945;    0;    0
2017-01-23 17:43:00;0.0100;182.2200;   60;   24;   36;    0;    1;    1;    0;20.2500;0.0472;    0;   33
2017-01-23 17:44:00;0.0200;182.2400;   60;   15;   46;    0;    1;    1;    0;20.3300;0.0472;    0;   22
2017-01-23 17:45:00;0.0200;182.2600;   60;    6;   17;    0;    0;    0;    0;20.3300;0.0236;    0;    0
2017-01-23 17:46:00;0.0100;182.2700;   60;    0;   17;    0;    0;    1;    0;20.4200;0.0236;    0;    2
2017-01-23 17:47:00;0.0400;182.3100;   60;   29;   24;    0;    1;    1;    0;20.5100;0.0709;    0;    6
2017-01-23 17:48:00;0.0400;182.3500;   60;   16;   30;    0;    1;    1;    0;20.5100;0.0945;    0;   11
2017-01-23 17:49:00;0.0200;182.3700;   60;   16;   22;    0;    1;    1;    0;20.4200;0.0709;    0;    7
2017-01-23 17:50:00;0.0300;182.4000;   60;   27;   25;    0;    1;    1;    0;20.4200;0.0472;    0;   21
2017-01-23 17:51:00;0.1300;182.5300;   60;   51;   45;    0;    1;    1;    0;20.5900;0.2362;    0;    4
2017-01-23 17:52:00;0.1100;182.6400;   60;   49;   47;    0;    1;    1;    0;20.5900;0.2598;    0;    1
2017-01-23 17:53:00;0.0400;182.6800;   60;   35;   37;    0;    1;    1;    0;20.5900;0.0945;    0;    7
2017-01-23 17:54:00;0.0400;182.7200;   60;    5;   34;    0;    0;    1;    0;20.6800;0.0945;    0;   10
2017-01-23 17:55:00;0.0300;182.7500;   60;   16;   48;    0;    0;    1;    0;20.6800;0.0472;    0;    9
2017-01-23 17:56:00;0.0200;182.7700;   60;    0;   35;    0;    0;    1;    0;20.6800;0.0472;    0;    4
2017-01-23 17:57:00;0.0100;182.7800;   60;   13;   25;    0;    0;    1;    0;20.7600;0.0472;    0;   25
2017-01-23 17:58:00;0.0200;182.8000;   60;    4;   24;    0;    0;    1;    0;20.6800;0.0472;    0;   10
2017-01-23 17:59:00;0.0100;182.8100;   60;    0;   32;    0;    0;    1;    0;20.6800;0.0236;    0;   20
2017-01-23 18:00:00;0.0200;182.8300;   60;    0;   22;    0;    0;    1;    0;20.6800;0.0236;    0;    5
2017-01-23 18:01:00;0.0600;182.8900;   60;   22;   43;    0;    0;    1;    0;20.5900;0.0945;    0;    1
2017-01-23 18:02:00;0.0500;182.9400;   60;   56;   52;    2;    1;    1;    0;20.5100;0.1417;    0;   22
2017-01-23 18:03:00;0.1200;183.0600;   60;   28;   54;    0;    1;    1;    0;20.5900;0.1890;    0;    0
2017-01-23 18:04:00;0.1200;183.1800;   60;   47;   80;    2;    1;    1;    0;20.5900;0.3071;    0;    5
2017-01-23 18:05:00;0.1700;183.3500;   60;   42;   72;    0;    1;    1;    0;20.5900;0.3307;    0;    5
2017-01-23 18:06:00;0.1200;183.4700;   60;   41;   76;    2;    1;    1;    0;20.6800;0.3307;    0;   14
2017-01-23 18:07:00;0.1300;183.6000;   60;   59;   67;    0;    1;    1;    0;20.7600;0.2835;    0;    0
2017-01-23 18:08:00;0.0700;183.6700;   60;   52;   55;    0;    1;    1;    0;20.7600;0.1417;    0;   12
2017-01-23 18:09:00;0.0700;183.7400;   60;   37;   56;    0;    1;    1;    0;20.7600;0.1654;    0;   15
2017-01-23 18:10:00;0.0600;183.8000;   60;   43;   54;    2;    1;    1;    0;20.6800;0.0945;    0;    9
2017-01-23 18:11:00;0.0800;183.8800;   60;   29;   65;    1;    1;    1;    0;20.6800;0.1654;    1;    3
2017-01-23 18:12:00;0.0500;183.9300;   60;   36;   36;    0;    1;    1;    0;20.7600;0.1417;    0;   18
2017-01-23 18:13:00;0.0600;183.9900;   60;   33;   38;    2;    1;    1;    0;20.8500;0.0945;    0;    3
2017-01-23 18:14:00;0.0500;184.0400;   60;   38;   27;    2;    1;    1;    0;20.8500;0.1181;    0;    3
2017-01-23 18:15:00;0.0500;184.0900;   60;   38;   35;    1;    1;    1;    0;20.9300;0.0945;    0;    0
2017-01-23 18:16:00;0.0800;184.1700;   60;   23;   52;    0;    1;    1;    0;21.0200;0.1417;    0;    1
2017-01-23 18:17:00;0.0500;184.2200;   60;   23;   39;    0;    1;    1;    0;21.0200;0.1181;    0;    9
2017-01-23 18:18:00;0.0400;184.2600;   60;   31;   41;    0;    1;    1;    0;21.0200;0.0945;    0;    3
2017-01-23 18:19:00;0.0400;184.3000;   60;   21;   26;    0;    1;    1;    0;21.0200;0.0709;    0;    4
2017-01-23 18:20:00;0.0300;184.3300;   60;   13;   38;    0;    0;    1;    0;21.1100;0.0945;    0;    3
2017-01-23 18:21:00;0.0300;184.3600;   60;    6;   26;    0;    0;    1;    0;21.1100;0.0709;    0;    5
2017-01-23 18:22:00;0.0400;184.4000;   60;   20;   26;    0;    1;    1;    0;21.1100;0.0945;    0;    3
2017-01-23 18:23:00;0.0600;184.4600;   60;   38;   31;    0;    1;    1;    0;21.1100;0.0945;    0;    4
2017-01-23 18:24:00;0.0400;184.5000;   60;   31;   38;    0;    1;    1;    0;21.2000;0.0945;    0;   11
2017-01-23 18:25:00;0.0800;184.5800;   60;   33;   37;    0;    1;    1;    0;21.2000;0.1654;    0;    7
2017-01-23 18:26:00;0.0900;184.6700;   60;   22;   50;    0;    0;    1;    0;21.2900;0.1890;    0;    8
2017-01-23 18:27:00;0.0600;184.7300;   60;   25;   41;    0;    1;    1;    0;21.3700;0.0945;    0;    7
2017-01-23 18:28:00;0.0400;184.7700;   60;   12;   35;    2;    0;    1;    0;21.2900;0.0945;    0;    6
2017-01-23 18:29:00;0.0500;184.8200;   60;   15;   39;    1;    0;    1;    0;21.2900;0.0945;    0;    5
2017-01-23 18:30:00;0.0400;184.8600;   60;   11;   28;    0;    0;    1;    0;21.2900;0.0945;    0;    7
2017-01-23 18:31:00;0.0800;184.9400;   60;   10;   27;    0;    0;    1;    0;21.2000;0.1890;    0;    2
2017-01-23 18:32:00;0.0400;184.9800;   60;   22;   35;    0;    1;    1;    0;21.2000;0.0945;    0;    5
2017-01-23 18:33:00;0.0200;185.0000;   60;   10;   21;    0;    1;    1;    0;21.2900;0.0472;    0;    5
2017-01-23 18:34:00;0.0200;185.0200;   60;   18;   19;    0;    1;    1;    0;21.2900;0.0472;    0;   12
2017-01-23 18:35:00;0.0300;185.0500;   60;    8;   23;    0;    0;    1;    0;21.2900;0.0709;    0;    0
2017-01-23 18:36:00;0.0200;185.0700;   60;    0;   27;    0;    0;    1;    0;21.2900;0.0709;    0;    6
2017-01-23 18:37:00;0.0100;185.0800;   60;    7;   16;    0;    0;    1;    0;21.2900;0.0000;    0;    5
2017-01-23 18:38:00;0.0100;185.0900;   60;    0;   26;    0;    0;    1;    0;21.2900;0.0472;    0;    8
2017-01-23 18:39:00;0.0100;185.1000;   60;    0;   14;    0;    0;    1;    0;21.2900;0.0236;    0;    6
2017-01-23 18:40:00;0.0200;185.1200;   60;   11;   27;    0;    0;    1;    0;21.2900;0.0236;    0;    8
2017-01-23 18:41:00;0.0400;185.1600;   60;   12;   29;    0;    1;    1;    0;21.2000;0.0709;    0;    6
2017-01-23 18:42:00;0.0200;185.1800;   60;   19;   29;    0;    1;    1;    0;21.2000;0.0709;    0;   10
2017-01-23 18:43:00;0.0300;185.2100;   60;   18;   27;    0;    1;    1;    0;21.0200;0.0472;    0;    2
2017-01-23 18:44:00;0.0200;185.2300;   60;   14;   32;    0;    0;    1;    0;21.0200;0.0709;    0;    0
2017-01-23 18:45:00;0.0100;185.2400;   60;   14;   22;    0;    1;    1;    0;21.0200;0.0472;    0;   17
2017-01-23 18:46:00;0.0300;185.2700;   60;   23;   23;    0;    1;    1;    0;21.0200;0.0472;    0;    6
2017-01-23 18:47:00;0.0400;185.3100;   60;   22;   30;    0;    1;    1;    0;21.0200;0.0709;    0;    7
2017-01-23 18:48:00;0.0400;185.3500;   60;   16;   35;    0;    1;    1;    0;21.1100;0.0945;    0;    8
2017-01-23 18:49:00;0.0500;185.4000;   60;   19;   36;    0;    1;    1;    0;21.1100;0.0945;    0;    4
2017-01-23 18:50:00;0.0400;185.4400;   60;   17;   29;    0;    1;    1;    0;21.0200;0.0945;    0;    8
2017-01-23 18:51:00;0.0500;185.4900;   60;   10;   33;    0;    0;    1;    0;21.0200;0.0945;    0;   10
2017-01-23 18:52:00;0.0300;185.5200;   60;   22;   26;    0;    1;    1;    0;21.0200;0.0709;    0;    1
2017-01-23 18:53:00;0.0300;185.5500;   60;    7;   33;    0;    0;    1;    0;21.0200;0.0945;    1;   13
2017-01-23 18:54:00;0.0200;185.5700;   60;   15;   23;    2;    1;    1;    0;21.0200;0.0472;    0;   18
2017-01-23 18:55:00;0.0300;185.6000;   60;    7;   25;    0;    0;    1;    0;21.1100;0.0472;    0;    3
2017-01-23 18:56:00;0.0100;185.6100;   60;   10;   26;    2;    0;    1;    0;21.1100;0.0472;    0;   25
2017-01-23 18:57:00;0.0300;185.6400;   60;   10;   19;    0;    1;    1;    0;21.1100;0.0472;    0;    2
2017-01-23 18:58:00;0.0200;185.6600;   60;    0;   16;    0;    0;    1;    0;21.1100;0.0709;    0;    7
2017-01-23 18:59:00;0.0200;185.6800;   60;   10;   20;    0;    0;    1;    0;21.1100;0.0472;    0;    4
2017-01-23 19:00:00;0.0300;185.7100;   60;   12;   21;    0;    1;    1;    0;21.2000;0.0472;    0;    7
2017-01-23 19:01:00;0.0200;185.7300;   60;   11;   19;    0;    1;    0;    0;21.2900;0.0472;    0;    2
2017-01-23 19:02:00;0.0000;185.7300;   60;    0;   12;    0;    0;    1;    0;21.2900;0.0236;    0;   18
2017-01-23 19:03:00;0.0400;185.7700;   60;    8;   19;    0;    0;    1;    0;21.2900;0.0709;    0;    2
2017-01-23 19:04:00;0.0100;185.7800;   60;    9;   17;    0;    1;    1;    0;21.2900;0.0472;    0;   13
2017-01-23 19:05:00;0.0200;185.8000;   60;   12;   15;    0;    1;    1;    0;21.2900;0.0472;    0;    9
2017-01-23 19:06:00;0.0100;185.8100;   60;   10;   17;    0;    0;    1;    0;21.2900;0.0236;    0;   12
2017-01-23 19:07:00;0.0200;185.8300;   60;    1;   11;    0;    0;    1;    0;21.2900;0.0236;    0;    0
2017-01-23 19:08:00;0.0100;185.8400;   60;    0;    9;    0;    0;    0;    0;21.2900;0.0472;    0;    8
2017-01-23 19:09:00;0.0100;185.8500;   60;    6;   14;    0;    0;    0;    0;21.2900;0.0236;    0;   14
2017-01-23 19:10:00;0.0100;185.8600;   60;    2;   11;    0;    0;    1;    0;21.2900;0.0236;    0;    8
2017-01-23 19:11:00;0.0100;185.8700;   60;    0;    9;    0;    0;    1;    0;21.2900;0.0236;    0;    4
2017-01-23 19:12:00;0.0100;185.8800;   60;    0;    6;    0;    0;    0;    0;21.3700;0.0236;    0;    3
2017-01-23 19:13:00;0.0100;185.8900;   60;    0;    8;    0;    0;    0;    0;21.3700;0.0000;    0;    0
2017-01-23 19:14:00;0.0000;185.8900;   60;    0;    6;    0;    0;    0;    0;21.2900;0.0236;    0;    4
2017-01-23 19:15:00;0.0000;185.8900;   60;    0;    0;    0;    0;    0;    0;21.3700;0.0000;    0;    9
2017-01-23 19:16:00;0.0000;185.8900;    0;    0;    0;    0;    0;    0;    0;21.2900;0.0000;    0;   11
2017-01-23 19:17:00;0.0000;185.8900;    0;    0;    0;    0;    0;    0;    0;21.2000;0.0000;    0;   18
2017-01-23 19:18:00;0.0000;185.8900;    0;    0;    0;    0;    0;    0;    0;21.2000;0.0000;    0;   19
2017-01-23 19:19:00;0.0000;185.8900;    0;    0;    0;    0;    0;    0;    0;21.2900;0.0000;    0;   22
2017-01-23 19:20:00;0.0000;185.8900;    0;    0;    0;    0;    0;    0;    0;21.2000;0.0000;    0;   23
2017-01-23 19:21:00;0.0000;185.8900;    0;    0;    0;    0;    0;    0;    0;21.2900;0.0000;    0;   23
2017-01-23 19:22:00;0.0000;185.8900;    0;    0;    0;    0;    0;    0;    0;21.2900;0.0000;    0;   23
2017-01-23 19:23:00;0.0000;185.8900;    0;    0;    0;    0;    0;    0;    0;21.2000;0.0000;    0;   23
2017-01-23 19:24:00;0.0000;185.8900;    0;    0;    0;    0;    0;    0;    0;21.2900;0.0000;    0;   24
2017-01-23 19:25:00;0.0000;185.8900;    0;    0;    0;    0;    0;    0;    0;21.2900;0.0000;    0;   25
2017-01-23 19:26:00;0.0100;185.9000;   60;    0;    0;    0;    0;    0;    0;21.3700;0.0236;    0;    0
2017-01-23 19:27:00;0.0000;185.9000;   60;    0;    0;    0;    0;    0;    0;21.3700;0.0000;    0;    1
2017-01-23 19:28:00;0.0000;185.9000;    0;    0;    0;    0;    0;    0;    0;21.2900;0.0000;    0;    1
2017-01-23 19:29:00;0.0000;185.9000;    0;    0;    0;    0;    0;    0;    0;21.2900;0.0000;    0;    2
2017-01-23 19:30:00;0.0000;185.9000;    0;    0;    0;    0;    0;    0;    0;21.2000;0.0000;    0;    2
2017-01-23 19:31:00;0.0000;185.9000;    0;    0;    0;    0;    0;    0;    0;21.2000;0.0000;    0;    3
2017-01-23 19:32:00;0.0000;185.9000;    0;    0;    0;    0;    0;    0;    0;21.2000;0.0000;    0;    4
2017-01-23 19:33:00;0.0000;185.9000;    0;    0;    0;    0;    0;    0;    0;21.2900;0.0000;    0;    3
2017-01-23 19:34:00;0.0000;185.9000;    0;    0;    0;    0;    0;    0;    0;21.2900;0.0000;    0;    2
2017-01-23 19:35:00;0.0000;185.9000;    0;    0;    0;    0;    0;    0;    0;21.2900;0.0000;    0;    1
2017-01-23 19:36:00;0.0000;185.9000;    0;    0;    0;    0;    0;    0;    0;21.2900;0.0000;    0;    0
2017-01-23 19:37:00;0.0000;185.9000;    0;    0;    0;    0;    0;    0;    0;21.2900;0.0000;    0;    0
2017-01-23 19:38:00;0.0000;185.9000;    0;    0;    0;    0;    0;    0;    0;21.2900;0.0000;    0;    0
2017-01-23 19:39:00;0.0000;185.9000;    0;    0;    0;    0;    0;    0;    0;21.2000;0.0000;    0;    0
2017-01-23 19:40:00;0.0000;185.9000;    0;    0;    0;    0;    0;    0;    0;21.2000;0.0000;    0;    0
2017-01-23 19:41:00;0.0000;185.9000;    0;    0;    0;    0;    0;    0;    0;21.2000;0.0000;    0;    0
2017-01-23 19:42:00;0.0000;185.9000;    0;    0;    0;    0;    0;    0;    0;21.2000;0.0000;    0;    0
2017-01-23 19:43:00;0.0000;185.9000;    0;    0;    0;    0;    0;    0;    0;21.2000;0.0000;    0;    0
2017-01-23 19:44:00;0.0000;185.9000;    0;    0;    0;    0;    0;    0;    0;21.1100;0.0000;    0;    0
2017-01-23 19:45:00;0.0000;185.9000;    0;    0;    0;    0;    0;    0;    0;21.1100;0.0000;    0;    0
2017-01-23 19:46:00;0.0000;185.9000;    0;    0;    0;    0;    0;    0;    0;21.1100;0.0000;    0;    0
2017-01-23 19:47:00;0.0000;185.9000;    0;    0;    0;    0;    0;    0;    0;21.1100;0.0000;    0;    0
2017-01-23 19:48:00;0.0000;185.9000;    0;    0;    0;    0;    0;    0;    0;21.0200;0.0000;    0;    0
2017-01-23 19:49:00;0.0000;185.9000;    0;    0;    0;    0;    0;    0;    0;21.0200;0.0000;    0;    0
2017-01-23 19:50:00;0.0000;185.9000;    0;    0;    0;    0;    0;    0;    0;21.0200;0.0000;    0;    0
2017-01-23 19:51:00;0.0000;185.9000;    0;    0;    0;    0;    0;    0;    0;21.0200;0.0000;    0;    1
2017-01-23 19:52:00;0.0000;185.9000;    0;    0;    0;    0;    0;    0;    0;20.9300;0.0000;    0;    2
2017-01-23 19:53:00;0.0000;185.9000;    0;    0;    0;    0;    0;    0;    0;20.9300;0.0000;    0;    2
2017-01-23 19:54:00;0.0000;185.9000;    0;    0;    0;    0;    0;    0;    0;20.8500;0.0000;    0;    3
2017-01-23 19:55:00;0.0000;185.9000;    0;    0;    0;    0;    0;    0;    0;20.8500;0.0000;    0;    3
2017-01-23 19:56:00;0.0000;185.9000;    0;    0;    0;    0;    0;    0;    0;20.8500;0.0000;    0;    2
2017-01-23 19:57:00;0.0000;185.9000;    0;    0;    0;    0;    0;    0;    0;20.8500;0.0000;    0;    2
2017-01-23 19:58:00;0.0000;185.9000;    0;    0;    0;    0;    0;    0;    0;20.8500;0.0000;    0;    2
2017-01-23 19:59:00;0.0000;185.9000;    0;    0;    0;    0;    0;    0;    0;20.8500;0.0000;    0;    1
2017-01-23 20:00:00;0.0000;185.9000;    0;    0;    0;    0;    0;    0;    0;20.8500;0.0000;    0;    0
2017-01-23 20:01:00;0.0000;185.9000;    0;    0;    0;    0;    0;    0;    0;20.9300;0.0000;    0;    1
2017-01-23 20:02:00;0.0000;185.9000;    0;    0;    0;    0;    0;    0;    0;20.9300;0.0000;    0;    0
2017-01-23 20:03:00;0.0000;185.9000;    0;    0;    0;    0;    0;    0;    0;20.8500;0.0000;    0;    0
2017-01-23 20:04:00;0.0000;185.9000;    0;    0;    0;    0;    0;    0;    0;20.8500;0.0000;    0;    0
2017-01-23 20:05:00;0.0000;185.9000;    0;    0;    0;    0;    0;    0;    0;20.8500;0.0000;    0;    1
2017-01-23 20:06:00;0.0000;185.9000;    0;    0;    0;    0;    0;    0;    0;20.9300;0.0000;    0;    2
2017-01-23 20:07:00;0.0000;185.9000;    0;    0;    0;    0;    0;    0;    0;20.8500;0.0000;    0;    1
2017-01-23 20:08:00;0.0000;185.9000;    0;    0;    0;    0;    0;    0;    0;20.8500;0.0000;    0;    0
2017-01-23 20:09:00;0.0000;185.9000;    0;    0;    0;    0;    0;    0;    0;20.8500;0.0000;    0;    0
2017-01-23 20:10:00;0.0000;185.9000;    0;    0;    0;    0;    0;    0;    0;20.8500;0.0000;    0;    1
2017-01-23 20:11:00;0.0000;185.9000;    0;    0;    0;    0;    0;    0;    0;20.9300;0.0000;    0;    0
2017-01-23 20:12:00;0.0000;185.9000;    0;    0;    0;    0;    0;    0;    0;20.8500;0.0000;    0;    0
2017-01-23 20:13:00;0.0000;185.9000;    0;    0;    0;    0;    0;    0;    0;20.9300;0.0000;    0;    0
2017-01-23 20:14:00;0.0000;185.9000;    0;    0;    0;    0;    0;    0;    0;20.9300;0.0000;    0;    0
2017-01-23 20:15:00;0.0000;185.9000;    0;    0;    0;    0;    0;    0;    0;20.9300;0.0000;    0;    0
2017-01-23 20:16:00;0.0000;185.9000;    0;    0;    0;    0;    0;    0;    0;20.9300;0.0000;    0;    0
2017-01-23 20:17:00;0.0000;185.9000;    0;    0;    0;    0;    0;    0;    0;20.9300;0.0000;    0;    0
2017-01-23 20:18:00;0.0000;185.9000;    0;    0;    0;    0;    0;    0;    0;20.9300;0.0000;    0;    0
2017-01-23 20:19:00;0.0000;185.9000;    0;    0;    0;    0;    0;    0;    0;21.0200;0.0000;    0;    1
2017-01-23 20:20:00;0.0000;185.9000;    0;    0;    0;    0;    0;    0;    0;21.0200;0.0000;    0;    0
2017-01-23 20:21:00;0.0000;185.9000;    0;    0;    0;    0;    0;    0;    0;21.0200;0.0000;    0;    0
2017-01-23 20:22:00;0.0000;185.9000;    0;    0;    0;    0;    0;    0;    0;21.0200;0.0000;    0;    0
2017-01-23 20:23:00;0.0000;185.9000;    0;    0;    0;    0;    0;    0;    0;21.0200;0.0000;    0;    0
2017-01-23 20:24:00;0.0000;185.9000;    0;    0;    0;    0;    0;    0;    0;21.0200;0.0000;    0;    0
2017-01-23 20:25:00;0.0000;185.9000;    0;    0;    0;    0;    0;    0;    0;21.0200;0.0000;    0;    0
2017-01-23 20:26:00;0.0000;185.9000;    0;    0;    0;    0;    0;    0;    0;21.0200;0.0000;    0;    0
2017-01-23 20:27:00;0.0000;185.9000;    0;    0;    0;    0;    0;    0;    0;21.0200;0.0000;    0;    1
2017-01-23 20:28:00;0.0000;185.9000;    0;    0;    0;    0;    0;    0;    0;21.1100;0.0000;    0;    0
2017-01-23 20:29:00;0.0000;185.9000;    0;    0;    0;    0;    0;    0;    0;21.0200;0.0000;    0;    0
2017-01-23 20:30:00;0.0000;185.9000;    0;    0;    0;    0;    0;    0;    0;21.0200;0.0000;    0;    0
2017-01-23 20:31:00;0.0000;185.9000;    0;    0;    0;    0;    0;    0;    0;21.0200;0.0000;    0;    0
2017-01-23 20:32:00;0.0000;185.9000;    0;    0;    0;    0;    0;    0;    0;21.0200;0.0000;    0;    0
2017-01-23 20:33:00;0.0000;185.9000;    0;    0;    0;    0;    0;    0;    0;21.0200;0.0000;    0;    0
2017-01-23 20:34:00;0.0000;185.9000;    0;    0;    0;    0;    0;    0;    0;20.9300;0.0000;    0;    0
2017-01-23 20:35:00;0.0000;185.9000;    0;    0;    0;    0;    0;    0;    0;20.9300;0.0000;    0;    0
2017-01-23 20:36:00;0.0000;185.9000;    0;    0;    0;    0;    0;    0;    0;21.0200;0.0000;    0;    0
2017-01-23 20:37:00;0.0000;185.9000;    0;    0;    0;    0;    0;    0;    0;20.8500;0.0000;    0;    0
2017-01-23 20:38:00;0.0000;185.9000;    0;    0;    0;    0;    0;    0;    0;20.9300;0.0000;    0;    2
2017-01-23 20:39:00;0.0000;185.9000;    0;    0;    0;    0;    0;    0;    0;20.9300;0.0000;    0;    1
2017-01-23 20:40:00;0.0000;185.9000;    0;    0;    0;    0;    0;    0;    0;20.9300;0.0000;    0;    0
2017-01-23 20:41:00;0.0000;185.9000;    0;    0;    0;    0;    0;    0;    0;20.9300;0.0000;    0;    0
2017-01-23 20:42:00;0.0000;185.9000;    0;    0;    0;    0;    0;    0;    0;20.8500;0.0000;    0;    0
2017-01-23 20:43:00;0.0000;185.9000;    0;    0;    0;    0;    0;    0;    0;20.9300;0.0000;    0;    0
2017-01-23 20:44:00;0.0000;185.9000;    0;    0;    0;    0;    0;    0;    0;20.9300;0.0000;    0;    0
2017-01-23 20:45:00;0.0000;185.9000;    0;    0;    0;    0;    0;    0;    0;20.9300;0.0000;    0;    0
2017-01-23 20:46:00;0.0000;185.9000;    0;    0;    0;    0;    0;    0;    0;21.0200;0.0000;    0;    0
2017-01-23 20:47:00;0.0000;185.9000;    0;    0;    0;    0;    0;    0;    0;21.0200;0.0000;    0;    0
2017-01-23 20:48:00;0.0000;185.9000;    0;    0;    0;    0;    0;    0;    0;21.0200;0.0000;    0;    0
2017-01-23 20:49:00;0.0000;185.9000;    0;    0;    0;    0;    0;    0;    0;20.9300;0.0000;    0;    0
2017-01-23 20:50:00;0.0000;185.9000;    0;    0;    0;    0;    0;    0;    0;21.0200;0.0000;    0;    1
2017-01-23 20:51:00;0.0000;185.9000;    0;    0;    0;    0;    0;    0;    0;20.9300;0.0000;    0;    0
2017-01-23 20:52:00;0.0000;185.9000;    0;    0;    0;    0;    0;    0;    0;21.0200;0.0000;    0;    0
2017-01-23 20:53:00;0.0000;185.9000;    0;    0;    0;    0;    0;    0;    0;20.9300;0.0000;    0;    0
2017-01-23 20:54:00;0.0000;185.9000;    0;    0;    0;    0;    0;    0;    0;20.9300;0.0000;    0;    0
2017-01-23 20:55:00;0.0000;185.9000;    0;    0;    0;    0;    0;    0;    0;20.9300;0.0000;    0;    0
2017-01-23 20:56:00;0.0000;185.9000;    0;    0;    0;    0;    0;    0;    0;20.8500;0.0000;    0;    0
2017-01-23 20:57:00;0.0000;185.9000;    0;    0;    0;    0;    0;    0;    0;20.8500;0.0000;    0;    0
2017-01-23 20:58:00;0.0000;185.9000;    0;    0;    0;    0;    0;    0;    0;20.8500;0.0000;    0;    0
2017-01-23 20:59:00;0.0000;185.9000;    0;    0;    0;    0;    0;    0;    0;20.9300;0.0000;    0;    0
2017-01-23 21:00:00;0.0000;185.9000;    0;    0;    0;    0;    0;    0;    0;21.0200;0.0000;    0;    0
2017-01-23 21:01:00;0.0000;185.9000;    0;    0;    0;    0;    0;    0;    0;20.9300;0.0000;    0;    0
2017-01-23 21:02:00;0.0000;185.9000;    0;    0;    0;    0;    0;    0;    0;21.0200;0.0000;    0;    0
2017-01-23 21:03:00;0.0000;185.9000;    0;    0;    0;    0;    0;    0;    0;21.0200;0.0000;    0;    0
2017-01-23 21:04:00;0.0000;185.9000;    0;    0;    0;    0;    0;    0;    0;20.9300;0.0000;    0;    0
2017-01-23 21:05:00;0.0000;185.9000;    0;    0;    0;    0;    0;    0;    0;20.9300;0.0000;    0;    0
2017-01-23 21:06:00;0.0000;185.9000;    0;    0;    0;    0;    0;    0;    0;21.0200;0.0000;    0;    0
2017-01-23 21:07:00;0.0000;185.9000;    0;    0;    0;    0;    0;    0;    0;20.9300;0.0000;    0;    0
2017-01-23 21:08:00;0.0000;185.9000;    0;    0;    0;    0;    0;    0;    0;21.0200;0.0000;    0;    0
2017-01-23 21:09:00;0.0000;185.9000;    0;    0;    0;    0;    0;    0;    0;20.9300;0.0000;    0;    0
2017-01-23 21:10:00;0.0000;185.9000;    0;    0;    0;    0;    0;    0;    0;20.9300;0.0000;    0;    0
2017-01-23 21:11:00;0.0000;185.9000;    0;    0;    0;    0;    0;    0;    0;20.8500;0.0000;    0;    0
2017-01-23 21:12:00;0.0000;185.9000;    0;    0;    0;    0;    0;    0;    0;20.8500;0.0000;    0;    0
2017-01-23 21:13:00;0.0000;185.9000;    0;    0;    0;    0;    0;    0;    0;20.7600;0.0000;    0;    0
2017-01-23 21:14:00;0.0000;185.9000;    0;    0;    0;    0;    0;    0;    0;20.7600;0.0000;    0;    0
2017-01-23 21:15:00;0.0000;185.9000;    0;    0;    0;    0;    0;    0;    0;20.7600;0.0000;    0;    0
2017-01-23 21:16:00;0.0000;185.9000;    0;    0;    0;    0;    0;    0;    0;20.7600;0.0000;    0;    0
2017-01-23 21:17:00;0.0000;185.9000;    0;    0;    0;    0;    0;    0;    0;20.7600;0.0000;    0;    0
2017-01-23 21:18:00;0.0000;185.9000;    0;    0;    0;    0;    0;    0;    0;20.7600;0.0000;    0;    0
2017-01-23 21:19:00;0.0000;185.9000;    0;    0;    0;    0;    0;    0;    0;20.8500;0.0000;    0;    0
2017-01-23 21:20:00;0.0000;185.9000;    0;    0;    0;    0;    0;    0;    0;20.8500;0.0000;    0;    0
2017-01-23 21:21:00;0.0000;185.9000;    0;    0;    0;    0;    0;    0;    0;20.8500;0.0000;    0;    0
2017-01-23 21:22:00;0.0000;185.9000;    0;    0;    0;    0;    0;    0;    0;20.8500;0.0000;    0;    0
2017-01-23 21:23:00;0.0000;185.9000;    0;    0;    0;    0;    0;    0;    0;20.8500;0.0000;    0;    0
2017-01-23 21:24:00;0.0000;185.9000;    0;    0;    0;    0;    0;    0;    0;20.8500;0.0000;    0;    0
2017-01-23 21:25:00;0.0000;185.9000;    0;    0;    0;    0;    0;    0;    0;20.8500;0.0000;    0;    0
2017-01-23 21:26:00;0.0000;185.9000;    0;    0;    0;    0;    0;    0;    0;20.8500;0.0000;    0;    0
2017-01-23 21:27:00;0.0000;185.9000;    0;    0;    0;    0;    0;    0;    0;20.8500;0.0000;    0;    0
2017-01-23 21:28:00;0.0000;185.9000;    0;    0;    0;    0;    0;    0;    0;20.8500;0.0000;    0;    0
2017-01-23 21:29:00;0.0000;185.9000;    0;    0;    0;    0;    0;    0;    0;20.8500;0.0000;    0;    0
2017-01-23 21:30:00;0.0000;185.9000;    0;    0;    0;    0;    0;    0;    0;20.8500;0.0000;    0;    0
2017-01-23 21:31:00;0.0000;185.9000;    0;    0;    0;    0;    0;    0;    0;20.7600;0.0000;    0;    0
2017-01-23 21:32:00;0.0000;185.9000;    0;    0;    0;    0;    0;    0;    0;20.8500;0.0000;    0;    0
2017-01-23 21:33:00;0.0000;185.9000;    0;    0;    0;    0;    0;    0;    0;20.8500;0.0000;    0;    0
2017-01-23 21:34:00;0.0000;185.9000;    0;    0;    0;    0;    0;    0;    0;20.8500;0.0000;    0;    0
2017-01-23 21:35:00;0.0000;185.9000;    0;    0;    0;    0;    0;    0;    0;20.8500;0.0000;    0;    0
2017-01-23 21:36:00;0.0000;185.9000;    0;    0;    0;    0;    0;    0;    0;20.8500;0.0000;    0;    0
2017-01-23 21:37:00;0.0000;185.9000;    0;    0;    0;    0;    0;    0;    0;20.8500;0.0000;    0;    0
2017-01-23 21:38:00;0.0000;185.9000;    0;    0;    0;    0;    0;    0;    0;20.8500;0.0000;    0;    0
2017-01-23 21:39:00;0.0000;185.9000;    0;    0;    0;    0;    0;    0;    0;20.7600;0.0000;    0;    0
2017-01-23 21:40:00;0.0000;185.9000;    0;    0;    0;    0;    0;    0;    0;20.8500;0.0000;    0;    0
2017-01-23 21:41:00;0.0000;185.9000;    0;    0;    0;    0;    0;    0;    0;20.7600;0.0000;    0;    0
2017-01-23 21:42:00;0.0000;185.9000;    0;    0;    0;    0;    0;    0;    0;20.8500;0.0000;    0;    0
2017-01-23 21:43:00;0.0000;185.9000;    0;    0;    0;    0;    0;    0;    0;20.8500;0.0000;    0;    0
2017-01-23 21:44:00;0.0000;185.9000;    0;    0;    0;    0;    0;    0;    0;20.8500;0.0000;    0;    0
2017-01-23 21:45:00;0.0000;185.9000;    0;    0;    0;    0;    0;    0;    0;20.8500;0.0000;    0;    0
2017-01-23 21:46:00;0.0000;185.9000;    0;    0;    0;    0;    0;    0;    0;20.8500;0.0000;    0;    0
2017-01-23 21:47:00;0.0000;185.9000;    0;    0;    0;    0;    0;    0;    0;20.8500;0.0000;    0;    0
2017-01-23 21:48:00;0.0000;185.9000;    0;    0;    0;    0;    0;    0;    0;20.7600;0.0000;    0;    0
2017-01-23 21:49:00;0.0000;185.9000;    0;    0;    0;    0;    0;    0;    0;20.8500;0.0000;    0;    0
2017-01-23 21:50:00;0.0000;185.9000;    0;    0;    0;    0;    0;    0;    0;20.7600;0.0000;    0;    0
2017-01-23 21:51:00;0.0000;185.9000;    0;    0;    0;    0;    0;    0;    0;20.6800;0.0000;    0;    0
2017-01-23 21:52:00;0.0000;185.9000;    0;    0;    0;    0;    0;    0;    0;20.7600;0.0000;    0;    0
2017-01-23 21:53:00;0.0000;185.9000;    0;    0;    0;    0;    0;    0;    0;20.8500;0.0000;    0;    0
2017-01-23 21:54:00;0.0000;185.9000;    0;    0;    0;    0;    0;    0;    0;20.6800;0.0000;    0;    0
2017-01-23 21:55:00;0.0000;185.9000;    0;    0;    0;    0;    0;    0;    0;20.8500;0.0000;    0;    0
2017-01-23 21:56:00;0.0000;185.9000;    0;    0;    0;    0;    0;    0;    0;20.8500;0.0000;    0;    0
2017-01-23 21:57:00;0.0000;185.9000;    0;    0;    0;    0;    0;    0;    0;20.8500;0.0000;    0;    0
2017-01-23 21:58:00;0.0000;185.9000;    0;    0;    0;    0;    0;    0;    0;20.8500;0.0000;    0;    0
2017-01-23 21:59:00;0.0000;185.9000;    0;    0;    0;    0;    0;    0;    0;20.8500;0.0000;    0;    0
2017-01-23 22:00:00;0.0000;185.9000;    0;    0;    0;    0;    0;    0;    0;20.8500;0.0000;    0;    0
2017-01-23 22:01:00;0.0000;185.9000;    0;    0;    0;    0;    0;    0;    0;20.7600;0.0000;    0;    0
2017-01-23 22:02:00;0.0000;185.9000;    0;    0;    0;    0;    0;    0;    0;20.7600;0.0000;    0;    0
2017-01-23 22:03:00;0.0000;185.9000;    0;    0;    0;    0;    0;    0;    0;20.7600;0.0000;    0;    0
2017-01-23 22:04:00;0.0000;185.9000;    0;    0;    0;    0;    0;    0;    0;20.8500;0.0000;    0;    0
2017-01-23 22:05:00;0.0000;185.9000;    0;    0;    0;    0;    0;    0;    0;20.8500;0.0000;    0;    0
2017-01-23 22:06:00;0.0000;185.9000;    0;    0;    0;    0;    0;    0;    0;20.8500;0.0000;    0;    0
2017-01-23 22:07:00;0.0000;185.9000;    0;    0;    0;    0;    0;    0;    0;20.7600;0.0000;    0;    0
2017-01-23 22:08:00;0.0000;185.9000;    0;    0;    0;    0;    0;    0;    0;20.7600;0.0000;    0;    0
2017-01-23 22:09:00;0.0000;185.9000;    0;    0;    0;    0;    0;    0;    0;20.7600;0.0000;    0;    0
2017-01-23 22:10:00;0.0000;185.9000;    0;    0;    0;    0;    0;    0;    0;20.8500;0.0000;    0;    0
2017-01-23 22:11:00;0.0000;185.9000;    0;    0;    0;    0;    0;    0;    0;20.8500;0.0000;    0;    0
2017-01-23 22:12:00;0.0000;185.9000;    0;    0;    0;    0;    0;    0;    0;20.8500;0.0000;    0;    0
2017-01-23 22:13:00;0.0000;185.9000;    0;    0;    0;    0;    0;    0;    0;20.8500;0.0000;    0;    0
2017-01-23 22:14:00;0.0000;185.9000;    0;    0;    0;    0;    0;    0;    0;20.8500;0.0000;    0;    0
2017-01-23 22:15:00;0.0000;185.9000;    0;    0;    0;    0;    0;    0;    0;20.8500;0.0000;    0;    0
2017-01-23 22:16:00;0.0000;185.9000;    0;    0;    0;    0;    0;    0;    0;20.9300;0.0000;    0;    0
2017-01-23 22:17:00;0.0000;185.9000;    0;    0;    0;    0;    0;    0;    0;20.9300;0.0000;    0;    0
2017-01-23 22:18:00;0.0000;185.9000;    0;    0;    0;    0;    0;    0;    0;20.9300;0.0000;    0;    0
2017-01-23 22:19:00;0.0000;185.9000;    0;    0;    0;    0;    0;    0;    0;20.8500;0.0000;    0;    0
2017-01-23 22:20:00;0.0000;185.9000;    0;    0;    0;    0;    0;    0;    0;20.8500;0.0000;    0;    0
2017-01-23 22:21:00;0.0000;185.9000;    0;    0;    0;    0;    0;    0;    0;20.8500;0.0000;    0;    0
2017-01-23 22:22:00;0.0000;185.9000;    0;    0;    0;    0;    0;    0;    0;20.8500;0.0000;    0;    0
2017-01-23 22:23:00;0.0000;185.9000;    0;    0;    0;    0;    0;    0;    0;20.7600;0.0000;    0;    0
2017-01-23 22:24:00;0.0000;185.9000;    0;    0;    0;    0;    0;    0;    0;20.7600;0.0000;    0;    0
2017-01-23 22:25:00;0.0000;185.9000;    0;    0;    0;    0;    0;    0;    0;20.7600;0.0000;    0;    0
2017-01-23 22:26:00;0.0000;185.9000;    0;    0;    0;    0;    0;    0;    0;20.7600;0.0000;    0;    0
2017-01-23 22:27:00;0.0000;185.9000;    0;    0;    0;    0;    0;    0;    0;20.7600;0.0000;    0;    0
2017-01-23 22:28:00;0.0000;185.9000;    0;    0;    0;    0;    0;    0;    0;20.7600;0.0000;    0;    1
2017-01-23 22:29:00;0.0000;185.9000;    0;    0;    0;    0;    0;    0;    0;20.7600;0.0000;    0;    0
2017-01-23 22:30:00;0.0000;185.9000;    0;    0;    0;    0;    0;    0;    0;20.7600;0.0000;    0;    0
2017-01-23 22:31:00;0.0000;185.9000;    0;    0;    0;    0;    0;    0;    0;20.8500;0.0000;    0;    0
2017-01-23 22:32:00;0.0000;185.9000;    0;    0;    0;    0;    0;    0;    0;20.7600;0.0000;    0;    0
2017-01-23 22:33:00;0.0000;185.9000;    0;    0;    0;    0;    0;    0;    0;20.7600;0.0000;    0;    0
2017-01-23 22:34:00;0.0000;185.9000;    0;    0;    0;    0;    0;    0;    0;20.8500;0.0000;    0;    0
2017-01-23 22:35:00;0.0000;185.9000;    0;    0;    0;    0;    0;    0;    0;20.7600;0.0000;    0;    0
2017-01-23 22:36:00;0.0000;185.9000;    0;    0;    0;    0;    0;    0;    0;20.7600;0.0000;    0;    0
2017-01-23 22:37:00;0.0000;185.9000;    0;    0;    0;    0;    0;    0;    0;20.8500;0.0000;    0;    0
2017-01-23 22:38:00;0.0000;185.9000;    0;    0;    0;    0;    0;    0;    0;20.6800;0.0000;    0;    1
2017-01-23 22:39:00;0.0000;185.9000;    0;    0;    0;    0;    0;    0;    0;20.6800;0.0000;    0;    0
2017-01-23 22:40:00;0.0000;185.9000;    0;    0;    0;    0;    0;    0;    0;20.6800;0.0000;    0;    0
2017-01-23 22:41:00;0.0000;185.9000;    0;    0;    0;    0;    0;    0;    0;20.6800;0.0000;    0;    0
2017-01-23 22:42:00;0.0000;185.9000;    0;    0;    0;    0;    0;    0;    0;20.6800;0.0000;    0;    0
2017-01-23 22:43:00;0.0000;185.9000;    0;    0;    0;    0;    0;    0;    0;20.6800;0.0000;    0;    0
2017-01-23 22:44:00;0.0000;185.9000;    0;    0;    0;    0;    0;    0;    0;20.6800;0.0000;    0;    0
2017-01-23 22:45:00;0.0000;185.9000;    0;    0;    0;    0;    0;    0;    0;20.6800;0.0000;    0;    0
2017-01-23 22:46:00;0.0000;185.9000;    0;    0;    0;    0;    0;    0;    0;20.6800;0.0000;    0;    0
2017-01-23 22:47:00;0.0000;185.9000;    0;    0;    0;    0;    0;    0;    0;20.6800;0.0000;    0;    0
2017-01-23 22:48:00;0.0000;185.9000;    0;    0;    0;    0;    0;    0;    0;20.6800;0.0000;    0;    0
2017-01-23 22:49:00;0.0000;185.9000;    0;    0;    0;    0;    0;    0;    0;20.6800;0.0000;    0;    0
2017-01-23 22:50:00;0.0000;185.9000;    0;    0;    0;    0;    0;    0;    0;20.7600;0.0000;    0;    0
2017-01-23 22:51:00;0.0000;185.9000;    0;    0;    0;    0;    0;    0;    0;20.7600;0.0000;    0;    0
2017-01-23 22:52:00;0.0000;185.9000;    0;    0;    0;    0;    0;    0;    0;20.7600;0.0000;    0;    0
2017-01-23 22:53:00;0.0000;185.9000;    0;    0;    0;    0;    0;    0;    0;20.7600;0.0000;    0;    0
2017-01-23 22:54:00;0.0000;185.9000;    0;    0;    0;    0;    0;    0;    0;20.7600;0.0000;    0;    0
2017-01-23 22:55:00;0.0000;185.9000;    0;    0;    0;    0;    0;    0;    0;20.7600;0.0000;    0;    0
2017-01-23 22:56:00;0.0000;185.9000;    0;    0;    0;    0;    0;    0;    0;20.7600;0.0000;    0;    0
2017-01-23 22:57:00;0.0000;185.9000;    0;    0;    0;    0;    0;    0;    0;20.7600;0.0000;    0;    0
2017-01-23 22:58:00;0.0000;185.9000;    0;    0;    0;    0;    0;    0;    0;20.7600;0.0000;    0;    0
2017-01-23 22:59:00;0.0000;185.9000;    0;    0;    0;    0;    0;    0;    0;20.7600;0.0000;    0;    0
2017-01-23 23:00:00;0.0000;185.9000;    0;    0;    0;    0;    0;    0;    0;20.7600;0.0000;    0;    0
2017-01-23 23:01:00;0.0000;185.9000;    0;    0;    0;    0;    0;    0;    0;20.7600;0.0000;    0;    0
2017-01-23 23:02:00;0.0000;185.9000;    0;    0;    0;    0;    0;    0;    0;20.7600;0.0000;    0;    0
2017-01-23 23:03:00;0.0000;185.9000;    0;    0;    0;    0;    0;    0;    0;20.7600;0.0000;    0;    0
2017-01-23 23:04:00;0.0000;185.9000;    0;    0;    0;    0;    0;    0;    0;20.7600;0.0000;    0;    0
2017-01-23 23:05:00;0.0000;185.9000;    0;    0;    0;    0;    0;    0;    0;20.7600;0.0000;    0;    0
2017-01-23 23:06:00;0.0000;185.9000;    0;    0;    0;    0;    0;    0;    0;20.7600;0.0000;    0;    0
2017-01-23 23:07:00;0.0000;185.9000;    0;    0;    0;    0;    0;    0;    0;20.6800;0.0000;    0;    0
2017-01-23 23:08:00;0.0000;185.9000;    0;    0;    0;    0;    0;    0;    0;20.6800;0.0000;    0;    0
2017-01-23 23:09:00;0.0000;185.9000;    0;    0;    0;    0;    0;    0;    0;20.6800;0.0000;    0;    0
2017-01-23 23:10:00;0.0000;185.9000;    0;    0;    0;    0;    0;    0;    0;20.6800;0.0000;    0;    0
2017-01-23 23:11:00;0.0000;185.9000;    0;    0;    0;    0;    0;    0;    0;20.7600;0.0000;    0;    0
2017-01-23 23:12:00;0.0000;185.9000;    0;    0;    0;    0;    0;    0;    0;20.6800;0.0000;    0;    0
2017-01-23 23:13:00;0.0000;185.9000;    0;    0;    0;    0;    0;    0;    0;20.6800;0.0000;    0;    0
2017-01-23 23:14:00;0.0000;185.9000;    0;    0;    0;    0;    0;    0;    0;20.6800;0.0000;    0;    0
2017-01-23 23:15:00;0.0000;185.9000;    0;    0;    0;    0;    0;    0;    0;20.6800;0.0000;    0;    0
2017-01-23 23:16:00;0.0000;185.9000;    0;    0;    0;    0;    0;    0;    0;20.6800;0.0000;    0;    0
2017-01-23 23:17:00;0.0000;185.9000;    0;    0;    0;    0;    0;    0;    0;20.5900;0.0000;    0;    0
2017-01-23 23:18:00;0.0000;185.9000;    0;    0;    0;    0;    0;    0;    0;20.6800;0.0000;    0;    0
2017-01-23 23:19:00;0.0000;185.9000;    0;    0;    0;    0;    0;    0;    0;20.6800;0.0000;    0;    0
2017-01-23 23:20:00;0.0000;185.9000;    0;    0;    0;    0;    0;    0;    0;20.6800;0.0000;    0;    0
2017-01-23 23:21:00;0.0000;185.9000;    0;    0;    0;    0;    0;    0;    0;20.6800;0.0000;    0;    0
2017-01-23 23:22:00;0.0000;185.9000;    0;    0;    0;    0;    0;    0;    0;20.6800;0.0000;    0;    0
2017-01-23 23:23:00;0.0000;185.9000;    0;    0;    0;    0;    0;    0;    0;20.6800;0.0000;    0;    0
2017-01-23 23:24:00;0.0000;185.9000;    0;    0;    0;    0;    0;    0;    0;20.5900;0.0000;    0;    0
2017-01-23 23:25:00;0.0000;185.9000;    0;    0;    0;    0;    0;    0;    0;20.5900;0.0000;    0;    0
2017-01-23 23:26:00;0.0000;185.9000;    0;    0;    0;    0;    0;    0;    0;20.5100;0.0000;    0;    0
2017-01-23 23:27:00;0.0000;185.9000;    0;    0;    0;    0;    0;    0;    0;20.5900;0.0000;    0;    0
2017-01-23 23:28:00;0.0000;185.9000;    0;    0;    0;    0;    0;    0;    0;20.5900;0.0000;    0;    0
2017-01-23 23:29:00;0.0000;185.9000;    0;    0;    0;    0;    0;    0;    0;20.5900;0.0000;    0;    0
2017-01-23 23:30:00;0.0000;185.9000;    0;    0;    0;    0;    0;    0;    0;20.5900;0.0000;    0;    0
2017-01-23 23:31:00;0.0000;185.9000;    0;    0;    0;    0;    0;    0;    0;20.5100;0.0000;    0;    0
2017-01-23 23:32:00;0.0000;185.9000;    0;    0;    0;    0;    0;    0;    0;20.5900;0.0000;    0;    0
2017-01-23 23:33:00;0.0000;185.9000;    0;    0;    0;    0;    0;    0;    0;20.5100;0.0000;    0;    0
2017-01-23 23:34:00;0.0000;185.9000;    0;    0;    0;    0;    0;    0;    0;20.5100;0.0000;    0;    0
2017-01-23 23:35:00;0.0000;185.9000;    0;    0;    0;    0;    0;    0;    0;20.5100;0.0000;    0;    0
2017-01-23 23:36:00;0.0000;185.9000;    0;    0;    0;    0;    0;    0;    0;20.5100;0.0000;    0;    0
2017-01-23 23:37:00;0.0000;185.9000;    0;    0;    0;    0;    0;    0;    0;20.5100;0.0000;    0;    0
2017-01-23 23:38:00;0.0000;185.9000;    0;    0;    0;    0;    0;    0;    0;20.5100;0.0000;    0;    0
2017-01-23 23:39:00;0.0000;185.9000;    0;    0;    0;    0;    0;    0;    0;20.5100;0.0000;    0;    0
2017-01-23 23:40:00;0.0000;185.9000;    0;    0;    0;    0;    0;    0;    0;20.5900;0.0000;    0;    0
2017-01-23 23:41:00;0.0000;185.9000;    0;    0;    0;    0;    0;    0;    0;20.5900;0.0000;    0;    0
2017-01-23 23:42:00;0.0000;185.9000;    0;    0;    0;    0;    0;    0;    0;20.5100;0.0000;    0;    0
2017-01-23 23:43:00;0.0000;185.9000;    0;    0;    0;    0;    0;    0;    0;20.5100;0.0000;    0;    0
2017-01-23 23:44:00;0.0000;185.9000;    0;    0;    0;    0;    0;    0;    0;20.5100;0.0000;    0;    0
2017-01-23 23:45:00;0.0000;185.9000;    0;    0;    0;    0;    0;    0;    0;20.5900;0.0000;    0;    0
2017-01-23 23:46:00;0.0000;185.9000;    0;    0;    0;    0;    0;    0;    0;20.5100;0.0000;    0;    0
2017-01-23 23:47:00;0.0000;185.9000;    0;    0;    0;    0;    0;    0;    0;20.5100;0.0000;    0;    0
2017-01-23 23:48:00;0.0000;185.9000;    0;    0;    0;    0;    0;    0;    0;20.5100;0.0000;    0;    0
2017-01-23 23:49:00;0.0000;185.9000;    0;    0;    0;    0;    0;    0;    0;20.5900;0.0000;    0;    0
2017-01-23 23:50:00;0.0000;185.9000;    0;    0;    0;    0;    0;    0;    0;20.5100;0.0000;    0;    0
2017-01-23 23:51:00;0.0000;185.9000;    0;    0;    0;    0;    0;    0;    0;20.5100;0.0000;    0;    0
2017-01-23 23:52:00;0.0000;185.9000;    0;    0;    0;    0;    0;    0;    0;20.5100;0.0000;    0;    0
2017-01-23 23:53:00;0.0000;185.9000;    0;    0;    0;    0;    0;    0;    0;20.5100;0.0000;    0;    0
2017-01-23 23:54:00;0.0000;185.9000;    0;    0;    0;    0;    0;    0;    0;20.4200;0.0000;    0;    0
2017-01-23 23:55:00;0.0000;185.9000;    0;    0;    0;    0;    0;    0;    0;20.4200;0.0000;    0;    0
2017-01-23 23:56:00;0.0000;185.9000;    0;    0;    0;    0;    0;    0;    0;20.5100;0.0000;    0;    0
2017-01-23 23:57:00;0.0000;185.9000;    0;    0;    0;    0;    0;    0;    0;20.4200;0.0000;    0;    0
2017-01-23 23:58:00;0.0000;185.9000;    0;    0;    0;    0;    0;    0;    0;20.5100;0.0000;    0;    0
2017-01-23 23:59:00;0.0000;185.9000;    0;    0;    0;    0;    0;    0;    0;20.5100;0.0000;    0;    0
